city,1 Pair of Jeans (Levis 501 Or Similar),1 Pair of Men Leather Business Shoes,1 Pair of Nike Running Shoes (Mid-Range),"1 Summer Dress in a Chain Store (Zara, H&M, ...)",Apartment (1 bedroom) Outside of Centre,Apartment (1 bedroom) in City Centre,Apartment (3 bedrooms) Outside of Centre,Apartment (3 bedrooms) in City Centre,Apples (1 lb),Average Monthly Net Salary (After Tax),Banana (1 lb),"Basic (Electricity, Heating, Cooling, Water, Garbage) for 915 sq ft Apartment",Beef Round (1 lb) (or Equivalent Back Leg Red Meat),Bottle of Wine (Mid-Range),Cappuccino (regular),Chicken Fillets (1 lb),Cigarettes 20 Pack (Marlboro),"Cinema, International Release, 1 Seat",Coke/Pepsi (12 oz small bottle),Domestic Beer (0.5 liter bottle),Domestic Beer (1 pint draught),Eggs (regular) (12),"Fitness Club, Monthly Fee for 1 Adult",Gasoline (1 gallon),Imported Beer (12 oz small bottle),"International Primary School, Yearly for 1 Child","Internet (60 Mbps or More, Unlimited Data, Cable/ADSL)",Lettuce (1 head),Loaf of Fresh White Bread (1 lb),Local Cheese (1 lb),McMeal at McDonalds (or Equivalent Combo Meal),"Meal for 2 People, Mid-range Restaurant, Three-course","Meal, Inexpensive Restaurant","Milk (regular), (1 gallon)",Mobile Phone Monthly Plan with Calls and 10GB+ Data,Monthly Pass (Regular Price),"Mortgage Interest Rate in Percentages (%), Yearly, for 20 Years Fixed-Rate",One-way Ticket (Local Transport),Onion (1 lb),Oranges (1 lb),Potato (1 lb),"Preschool (or Kindergarten), Full Day, Private, Monthly for 1 Child",Price per Square Feet to Buy Apartment Outside of Centre,Price per Square Feet to Buy Apartment in City Centre,"Rice (white), (1 lb)",Taxi 1 mile (Normal Tariff),Taxi 1hour Waiting (Normal Tariff),Taxi Start (Normal Tariff),Tennis Court Rent (1 Hour on Weekend),Tomato (1 lb),Toyota Corolla Sedan 1.6l 97kW Comfort (Or Equivalent New Car),Volkswagen Golf 1.4 90 KW Trendline (Or Equivalent New Car),Water (1.5 liter bottle),Water (12 oz small bottle),latitude,longitude
Abano Terme,25.0,100.0,90.0,15.0,,,,,0.57,2028.67,0.45,,6.58,3.45,1.36,3.63,4.9,8.0,2.83,0.75,4.25,6.0,,7.46,2.425,,29.9,1.09,1.68,4.08,8.5,65.0,14.0,4.23,,,1.35,,0.95,0.57,0.45,600.0,,,0.95,3.22,,5.0,,1.04,,,0.3,1.18,45.3603142,11.7897833
Acqualagna PU,33.75,92.5,90.0,25.0,250.0,250.0,300.0,350.0,0.88,,0.58,173.92,6.5,10.5,1.3,3.93,5.6,9.0,1.38,1.4,5.0,2.74,,8.3,3.665,7000.0,29.6,0.4,1.38,7.14,8.0,55.0,16.0,3.47,14.99,,4.1,,0.78,0.86,0.62,316.67,,,1.08,4.02,30.0,3.25,,1.51,26333.33,23700.0,0.58,0.74,43.6258843,12.6759738
Agrate Brianza,75.5,98.0,76.67,30.0,,,,,0.76,2000.0,0.71,220.0,6.12,6.0,1.54,3.93,5.6,10.0,2.81,1.41,5.0,2.28,40.0,7.21,3.125,4500.0,28.98,1.17,1.67,5.97,8.0,60.0,15.0,4.66,14.99,,3.77,2.5,0.6,0.82,0.66,475.0,,,0.79,2.41,35.0,4.35,,0.91,18500.0,23500.0,0.22,1.12,45.576173499999996,9.3509475
Agrigento,57.33,80.0,62.0,20.12,,250.0,400.0,,0.83,1500.0,0.65,126.67,5.1,3.0,1.39,3.63,5.5,8.0,1.64,1.75,5.0,2.7,60.0,7.16,2.5,,18.5,0.65,1.01,4.76,6.0,50.0,10.0,3.97,14.99,,2.5,1.0,0.45,0.5,0.45,100.0,125.42,116.13,1.08,1.83,27.5,4.2,36.0,0.6,20000.0,21000.0,0.38,1.0,37.3122991,13.57465
Alassio,,,,,500.0,700.0,1000.0,1400.0,1.36,,1.36,150.0,11.34,8.0,2.0,5.44,6.0,,2.0,2.0,6.5,3.6,,6.44,4.125,,25.0,1.0,0.91,10.89,15.0,82.5,27.5,5.68,,15.0,,2.0,0.23,0.91,0.45,,185.8,464.51,0.45,4.83,20.0,8.0,,0.45,30000.0,40000.0,1.2,1.5,44.0080109,8.1730265
Alba,85.0,65.0,45.0,25.0,575.0,600.0,650.0,850.0,0.64,1616.67,0.68,255.0,6.43,8.0,1.35,3.61,5.5,10.0,2.25,1.76,5.5,2.55,45.42,7.0,2.75,,25.0,1.0,1.87,5.29,9.0,60.0,15.25,4.16,,,2.97,1.35,0.6,0.68,0.48,350.0,185.8,301.93,1.09,,,,25.0,1.25,,,0.64,1.5,56.7861112,-4.1140518
Albenga,,,,,,,,,0.45,,0.91,,4.45,5.0,,3.58,,8.0,,,,3.91,25.0,7.0,,,,0.5,1.45,4.99,,,,4.16,,43.0,,1.5,0.91,1.36,0.45,,,,1.16,,,,30.0,1.36,,,0.33,,44.0492503,8.2131239
Alessandria,80.33,115.0,70.0,35.0,316.67,366.67,625.0,666.67,0.81,1658.33,0.92,150.0,6.8,4.0,1.59,4.76,5.6,8.0,2.12,1.1,4.0,3.1,37.5,7.09,3.145,7800.0,31.67,0.99,1.97,6.17,8.0,45.0,12.0,5.67,14.99,40.0,2.58,,0.67,1.06,0.65,500.0,83.61,111.48,1.06,1.61,24.5,5.0,,1.36,28333.33,25000.0,0.48,0.96,44.83495334999999,8.745030418605868
Alghero,90.0,101.8,81.25,32.86,,500.0,,700.0,0.97,1766.67,0.68,249.62,6.29,5.75,1.51,3.03,5.7,8.0,2.67,1.33,4.0,2.8,,6.81,2.975,6500.0,27.0,1.0,1.78,6.5,8.0,70.0,15.0,4.94,14.99,,4.4,1.3,0.62,0.83,0.58,390.0,185.8,185.8,1.12,3.22,25.0,3.0,,1.13,23333.33,22300.0,0.41,1.15,40.5600205,8.3151473
Altamura,100.0,150.0,100.0,50.0,350.0,450.0,500.0,700.0,0.91,1350.0,0.57,165.0,4.99,12.0,1.83,1.59,5.75,5.5,1.5,3.03,4.5,3.3,70.0,7.57,5.0,,20.0,,1.36,3.86,8.0,77.5,17.0,3.22,,22.5,1.14,1.0,0.34,0.45,0.11,180.0,167.22,204.38,0.45,,,10.0,,0.23,11610.0,23000.0,0.35,1.0,40.8285595,16.5527314
Altavilla Vicentina,100.0,120.0,,,,,,,,2000.0,,,,,1.4,,,7.0,1.5,,4.5,,,,3.0,,35.0,,,,7.0,60.0,25.0,4.54,,,1.95,,,,,500.0,,,,,,,,,,,,1.0,45.5084288,11.4706863
Amalfi,67.5,100.0,76.67,36.67,500.0,826.88,900.0,1200.0,0.79,1350.0,0.62,248.4,6.92,5.0,1.57,3.86,5.5,8.5,3.67,1.27,5.0,3.28,40.0,6.81,3.785,3000.0,26.5,1.3,0.73,5.52,10.64,40.0,10.0,3.85,14.99,30.0,3.08,1.3,0.52,0.73,0.57,450.0,371.61,557.41,0.98,1.93,27.0,4.2,,0.91,28000.0,25000.0,0.38,1.0,40.63367,14.602609500000002
Anacapri,,80.0,,,,,,,,1300.0,,,,,1.1,,,,1.5,,,,80.0,,,,,,,,7.5,45.0,10.0,,,,,2.5,,,,,,,,,,,,,,,,0.56,40.555713,14.213610399999999
Ancona,76.0,87.0,85.0,31.67,425.0,518.75,683.33,928.57,0.94,1542.86,0.79,189.32,7.48,5.5,1.55,4.17,6.0,9.5,2.42,1.65,5.0,2.83,48.0,7.12,3.575,8000.0,28.57,1.3,1.91,5.72,8.25,60.0,15.0,4.54,14.99,35.0,3.58,1.43,0.63,0.95,0.54,664.0,192.77,243.87,0.8,2.74,35.0,5.0,21.67,1.08,33500.0,23000.0,0.56,0.94,43.4801204,13.218790609151764
Andria,,,,,,,,,,,,,,,1.2,,6.0,,1.5,1.52,5.5,,,,3.5,,,,,,7.8,30.0,,4.92,,,,1.0,,,,,,,,,,,,,,,,0.8,41.2275731,16.2954806
Anzio (Rome),52.5,130.0,85.0,30.0,500.0,800.0,800.0,1000.0,0.72,1983.33,0.58,176.67,6.2,5.0,1.05,3.48,5.9,7.0,1.7,1.2,4.0,2.14,46.67,8.3,2.125,,30.23,1.08,0.83,4.79,10.0,40.0,14.0,4.1,14.99,26.52,3.7,1.5,0.5,0.58,0.45,366.67,464.51,185.8,0.88,2.64,27.7,4.2,10.0,0.73,,,0.31,0.88,41.4471008,12.6285618
Aosta,92.5,130.0,105.0,41.67,600.0,700.0,750.0,887.5,1.09,1866.67,0.79,175.83,9.53,7.0,1.54,6.5,6.0,9.0,2.92,1.38,4.75,2.7,53.33,8.27,2.5,17000.0,35.0,1.38,1.7,8.01,7.4,70.0,12.0,5.2,14.99,37.0,3.68,1.5,0.98,0.95,0.86,,185.8,232.26,0.91,2.14,28.5,,19.5,,23750.0,18500.0,0.36,1.75,45.7370885,7.3196649
Arezzo,33.75,92.5,90.0,25.0,450.0,583.33,750.0,900.0,0.88,1612.5,0.58,173.92,6.5,10.5,1.3,3.93,5.6,9.0,1.38,1.4,5.0,2.74,53.75,8.3,3.665,7000.0,29.6,0.4,1.38,7.14,8.0,55.0,16.0,3.47,14.99,36.0,4.1,1.75,0.78,0.86,0.62,316.67,116.13,244.64,1.08,4.02,30.0,3.25,21.25,1.51,26333.33,23700.0,0.58,0.74,43.51720195,11.763879181253118
Ariano Irpino,,,,,,,,,0.82,1200.0,1.36,255.0,5.44,7.0,1.0,4.54,5.0,8.0,1.0,1.5,3.5,3.6,40.0,,1.0,,25.0,,0.54,6.8,6.0,40.0,12.0,3.41,,,,1.1,,0.68,0.45,,,,0.45,,,,,,,20000.0,1.2,0.6,41.1526668,15.0885633
Arona,,70.0,,30.0,450.0,650.0,650.0,900.0,1.36,1850.0,0.45,201.67,4.54,7.0,2.17,2.27,7.0,10.0,5.17,0.75,4.5,2.28,35.0,8.3,5.0,8000.0,32.0,,1.45,4.31,9.0,70.0,19.0,3.53,,29.0,1.0,1.75,,,0.73,470.0,167.22,185.8,0.91,3.22,,5.0,25.0,,,,0.68,1.0,45.7598366,8.5604081
Ascoli Piceno,79.52,100.0,80.0,17.5,350.0,550.0,500.0,800.0,0.91,1650.0,0.88,150.0,7.35,4.5,1.3,4.54,5.9,8.75,1.4,1.4,3.0,2.75,50.0,6.88,2.35,8569.38,22.45,1.0,1.48,4.54,7.75,30.0,15.0,3.53,14.99,37.5,2.58,2.0,0.45,0.95,0.57,498.33,148.64,167.22,1.05,2.09,30.0,3.0,20.0,0.91,20000.0,20000.0,0.47,0.9,42.8834204,13.539593040686007
Asti,40.0,143.33,80.0,48.33,300.0,385.0,500.0,600.0,0.91,2095.0,0.8,200.0,7.03,5.5,1.62,4.31,5.7,7.25,2.67,2.16,4.5,2.9,47.67,6.62,3.1,3800.0,25.0,0.8,1.68,6.34,9.0,60.0,12.5,4.09,14.99,,2.56,,0.83,0.88,0.48,450.0,92.9,255.48,1.81,2.54,31.8,3.2,,1.4,28250.0,24000.0,0.35,1.17,44.82601265,8.202686328987273
Avellino,90.0,90.0,65.0,30.0,300.0,450.0,400.0,583.33,0.5,1383.67,0.68,163.33,6.12,4.0,1.62,4.08,5.5,7.0,4.88,1.02,3.75,4.2,37.0,7.3,2.215,4000.0,32.0,,1.13,6.1,8.0,50.0,12.0,4.03,,31.0,2.43,1.2,0.41,0.54,0.36,247.5,65.03,120.77,0.7,,,4.0,17.0,0.68,,24000.0,0.25,1.0,40.9965446,15.140569036500402
Aversa,75.0,115.56,84.23,43.43,300.0,350.0,415.0,,0.72,1250.0,0.78,188.52,7.26,5.0,1.75,5.12,6.0,7.5,1.71,1.71,4.0,3.0,40.0,7.43,2.94,3850.0,30.0,1.09,1.08,6.09,8.0,50.0,15.0,4.68,14.99,,2.9,,0.63,0.73,0.54,283.33,173.42,301.93,0.85,1.45,18.0,5.0,7.0,1.21,23000.0,25000.0,0.46,1.0,40.973212,14.204927999999999
Avezzano,84.33,123.33,82.67,35.0,,,500.0,,0.91,2000.0,0.73,196.95,5.44,5.0,1.1,3.13,5.75,8.25,2.25,1.1,3.75,2.91,,6.53,3.335,7950.0,30.0,1.0,1.67,4.54,9.15,41.5,16.0,4.16,14.99,26.0,1.14,1.05,0.36,0.87,0.36,550.0,,,0.87,3.22,25.0,2.9,,0.91,26000.0,22000.0,0.37,1.0,42.0347963,13.426504799999998
Bari,75.0,128.43,81.67,43.43,471.43,757.14,764.29,1180.0,0.86,1568.75,0.79,178.33,7.26,5.0,1.48,5.12,6.0,7.5,1.5,1.52,4.0,3.04,40.62,7.44,2.65,16500.0,30.75,1.09,1.56,6.09,10.0,60.0,15.0,4.68,14.99,32.5,3.73,1.0,0.63,0.81,0.53,283.33,199.74,362.32,1.09,1.45,25.0,6.5,23.5,0.89,23000.0,30750.0,0.81,0.94,41.1257843,16.8620293
Barletta,,,,,383.33,566.67,550.0,750.0,0.69,1466.67,0.64,100.0,5.59,4.0,1.27,4.16,5.5,6.0,1.33,1.0,3.5,3.6,41.67,7.6,2.625,12200.0,26.33,1.02,0.98,4.54,7.5,45.0,27.75,5.11,,18.0,3.08,1.2,0.48,0.76,0.44,300.0,139.35,185.8,0.68,1.13,20.0,7.0,15.0,0.76,22250.0,20150.0,0.53,0.75,41.3214976,16.2868696
Bassano del Grappa,159.0,199.0,110.0,34.0,650.0,1500.0,950.0,2500.0,1.31,2250.0,0.9,352.27,,3.5,1.0,4.94,6.0,12.0,2.5,,5.0,2.99,70.0,9.82,2.145,18000.0,50.0,3.0,3.54,7.67,9.0,60.0,20.0,5.26,,50.0,2.82,2.2,,1.49,1.13,450.0,260.13,510.96,0.99,,12.0,,45.0,1.36,33770.0,33250.0,0.49,0.5,45.7669109,11.7343469
Belluno,96.67,90.0,66.67,31.33,300.0,475.0,600.0,750.0,0.65,1966.67,0.66,233.39,5.9,5.0,1.57,2.54,5.8,9.0,2.5,1.0,4.5,2.1,58.33,7.43,2.625,5000.0,29.41,0.75,1.81,3.18,9.0,60.0,12.0,4.29,14.99,30.0,2.67,1.5,0.41,0.65,0.41,460.0,69.68,97.55,0.89,3.22,25.0,8.0,16.0,0.73,27950.0,23050.0,0.3,1.5,46.2805407,12.078913722504204
Benevento,79.52,115.56,88.89,23.33,256.67,416.67,566.67,700.0,0.83,1200.0,0.83,226.95,5.75,6.0,1.55,3.33,5.5,8.0,1.62,1.35,2.0,2.63,35.0,6.88,2.725,2500.0,27.34,1.0,1.24,6.35,8.0,45.0,13.0,4.67,14.99,34.0,3.46,1.1,0.45,1.01,0.36,125.0,139.35,185.8,0.68,2.09,30.0,4.0,20.0,0.82,20000.0,25500.0,0.5,1.0,41.2476307,14.70570536314653
Bergamo,75.5,135.71,92.86,31.74,508.33,633.33,790.0,1666.67,0.93,1855.0,0.71,228.57,7.11,6.0,1.54,4.61,5.6,10.0,2.81,1.41,5.0,3.11,41.67,7.21,3.375,4500.0,26.86,1.3,1.67,5.97,8.5,60.0,15.0,5.75,14.99,38.0,3.77,1.5,0.6,0.82,0.66,475.0,111.48,240.38,0.88,2.41,35.0,8.0,24.33,1.47,25500.0,23500.0,0.49,1.33,45.7566557,9.75421920086225
Biella,25.0,100.0,90.0,15.0,250.0,325.0,500.0,600.0,0.57,1462.5,0.5,207.49,5.44,3.45,1.36,3.97,6.1,8.0,2.83,1.27,4.25,1.8,30.0,7.46,2.925,15166.67,25.82,1.09,1.81,4.76,8.5,65.0,14.0,4.23,14.99,30.5,2.95,1.5,0.91,0.68,0.92,600.0,74.32,157.93,0.27,3.22,40.0,5.0,22.0,0.91,30833.33,28000.0,0.4,1.18,45.5669538,8.086912008297636
Bologna,82.92,136.92,90.59,28.62,620.0,801.48,1109.09,1502.27,0.88,1628.7,0.81,244.58,7.4,6.0,1.55,4.58,5.5,10.0,2.52,1.94,5.0,3.75,51.16,7.19,3.6,13250.0,27.62,1.03,1.75,6.83,8.5,67.5,17.0,4.64,12.99,35.0,3.27,1.6,0.52,1.01,0.66,583.33,265.36,386.18,1.21,1.93,26.0,5.0,26.44,1.31,27400.0,24250.0,0.39,1.12,44.4938203,11.342632699999998
Bolzano-Bozen,79.75,115.0,118.75,50.0,645.45,823.08,1100.0,1486.36,0.89,2038.46,0.84,165.0,6.8,8.0,2.22,4.92,5.5,11.0,2.69,1.67,5.0,3.45,64.17,7.27,3.315,6000.0,30.75,1.77,2.44,7.09,10.0,70.0,15.0,4.48,14.99,50.0,3.16,1.75,0.74,1.36,0.88,483.33,362.9,503.24,0.9,2.82,35.0,7.0,13.67,1.31,31333.33,25500.0,0.42,1.5,46.65594545,11.23021287087526
Bra,80.0,90.0,125.0,50.0,,450.0,,,1.02,1500.0,0.91,65.0,5.9,9.0,1.37,4.08,5.0,8.0,2.17,2.5,4.0,1.84,55.0,7.35,3.25,,30.0,0.7,1.81,4.08,5.5,52.5,21.0,3.79,,,,1.4,0.45,0.86,0.43,,,,0.57,,,,0.0,,20000.0,15000.0,1.0,0.65,44.6976778,7.8542707
Brescia,65.33,103.75,75.0,34.86,508.33,631.25,841.25,1280.0,1.11,1643.75,0.92,237.92,8.58,6.5,1.65,4.6,5.85,12.0,2.88,1.41,5.0,3.57,39.19,7.24,3.115,16000.0,27.74,1.34,1.96,5.74,9.0,60.0,15.0,4.7,14.99,36.75,3.65,1.45,0.53,0.93,0.67,466.67,148.64,278.71,0.98,1.58,22.8,6.75,18.75,1.02,25000.0,25000.0,0.6,1.16,45.77958045,10.4258729694612
Brindisi,67.5,125.0,76.67,36.67,412.5,487.5,637.5,775.0,0.79,1725.0,0.62,248.4,5.75,5.0,1.55,3.33,5.5,8.5,1.62,1.27,5.0,3.28,43.75,7.04,2.41,3000.0,26.5,1.0,1.51,5.52,8.0,45.0,10.0,3.85,14.99,40.0,3.43,1.1,0.52,0.73,0.57,125.0,111.48,126.97,0.98,1.93,27.0,4.2,15.0,0.91,28000.0,25000.0,0.38,1.0,40.63591975,17.688443357842537
Bruneck (Brunico),,,,,,,,,,,,,,,2.8,,,,2.5,,,,,,2.5,,,,2.72,,15.0,140.0,13.5,4.92,,,,,,,,,,,,,,,,,,,1.2,,46.7963194,11.9355121
Buccinasco,87.5,97.5,90.0,40.0,,,,,0.68,2300.0,0.91,128.08,5.44,5.0,1.35,2.04,6.1,11.0,2.75,1.5,5.0,2.77,29.17,7.04,3.5,3000.0,27.5,1.0,1.54,4.08,9.0,60.0,15.0,3.5,14.99,30.0,1.55,,0.45,0.45,0.41,125.0,,,1.13,4.83,,2.0,25.0,1.04,35000.0,40000.0,0.45,1.0,45.4223013,9.1082675
Bucine,,,,,350.0,450.0,800.0,1000.0,,1200.0,,,,,1.2,,6.0,9.0,1.8,,3.5,,,7.57,2.8,,30.0,,1.63,,8.0,40.0,12.0,,,,,,,,,,,,,,,,,,,,,0.8,43.479199,11.6169754
Busto Arsizio,70.0,150.0,96.33,30.0,466.67,525.0,700.0,1000.0,0.66,1834.0,0.5,150.19,6.55,4.0,1.77,4.18,5.8,12.0,3.0,0.83,4.0,2.76,37.0,8.07,2.5,,30.76,0.85,1.66,4.48,9.2,55.0,12.0,4.04,,34.25,1.5,1.5,0.49,0.82,0.66,140.0,260.13,557.41,0.86,,,,,0.97,,,0.27,1.5,45.6119057,8.8520522
Cagliari,90.0,101.8,81.25,32.86,507.78,685.0,787.5,1083.33,0.97,1405.56,0.68,249.62,6.29,5.75,1.51,4.54,6.0,8.0,2.71,1.33,4.0,2.8,50.0,7.31,2.975,6500.0,27.0,1.5,1.81,6.5,8.0,70.0,15.0,4.94,14.99,34.5,4.4,1.3,0.62,0.83,0.58,466.67,182.09,280.56,1.13,3.22,25.0,5.0,17.83,1.13,23333.33,22300.0,0.41,1.15,39.217199400000005,9.113311
Campobasso,100.0,50.0,100.0,50.0,,,,,0.68,1300.0,0.68,150.0,6.35,7.0,1.15,3.63,5.5,8.0,2.0,0.77,4.0,1.8,30.0,,2.15,,20.0,1.0,0.86,5.44,7.0,40.0,9.5,3.03,,25.0,1.15,0.6,0.45,0.68,0.45,300.0,,,0.59,2.06,27.7,4.2,15.0,0.45,,,0.3,1.5,41.7172648,14.82622669782002
Cantù,65.0,95.0,56.67,35.0,475.0,575.0,600.0,750.0,0.73,2050.0,0.54,162.74,7.7,5.45,1.43,3.95,5.6,9.0,2.0,1.5,4.75,2.67,30.0,7.63,2.175,3500.0,27.15,0.96,1.72,4.99,7.0,60.0,15.0,4.04,14.99,40.0,1.3,1.5,0.62,0.59,0.18,560.0,176.51,204.38,0.91,3.06,25.0,3.0,25.0,0.82,23000.0,25000.0,0.47,1.16,45.7395347,9.129103
Capua,100.0,150.0,150.0,50.0,300.0,300.0,500.0,500.0,0.68,1400.0,0.68,180.0,6.35,7.0,1.5,3.63,5.5,8.0,2.0,2.0,3.0,3.0,50.0,7.19,2.75,4500.0,25.0,0.7,1.81,4.54,11.0,50.0,25.0,5.68,,60.0,2.0,2.0,0.45,0.68,0.45,300.0,111.48,111.48,0.82,,30.0,15.0,40.0,0.68,35000.0,32000.0,0.5,1.0,41.10799840000001,14.2097176
Carbonia,90.0,150.0,140.0,90.0,300.0,350.0,450.0,500.0,0.91,,0.91,100.0,4.54,7.0,1.2,2.27,13.0,10.0,1.0,1.0,2.0,3.0,30.0,7.57,3.5,,23.0,2.0,1.81,6.8,7.0,70.0,10.0,6.44,,50.0,3.5,1.5,0.91,1.36,0.91,350.0,102.19,139.35,0.68,,,,6.0,1.36,28000.0,24000.0,0.2,0.5,39.1657729,8.5260798
Carpi,,,,,250.0,350.0,750.0,600.0,1.25,1375.0,1.25,325.0,5.1,8.0,1.5,5.22,5.2,10.0,3.0,,5.0,3.03,30.0,7.19,3.5,,30.0,0.7,1.81,6.35,8.0,60.0,10.0,3.79,,,,1.2,0.82,1.36,0.91,,157.93,,0.83,,,,,2.43,23000.0,20000.0,0.33,1.0,44.7835699,10.8854523
Carrara,58.33,103.33,71.67,41.67,400.0,500.0,600.0,800.0,0.81,1400.0,0.9,250.0,7.01,5.0,1.52,4.74,5.8,8.25,2.12,1.44,5.0,3.0,37.5,7.36,3.51,11875.0,28.0,0.99,1.47,5.61,10.0,70.0,15.0,5.02,14.99,,2.55,1.5,0.63,0.94,0.65,376.67,130.06,185.8,1.13,1.59,24.5,4.2,15.0,0.99,23000.0,25000.0,0.4,1.0,44.0771026,10.096726
Caserta,54.0,98.33,65.0,30.0,345.0,405.0,550.0,705.0,0.87,1780.0,0.76,145.54,3.55,4.0,1.15,3.33,5.5,7.0,1.8,1.59,3.0,1.69,42.5,7.13,2.88,,24.95,0.83,1.01,4.08,8.0,50.0,19.0,4.54,14.99,50.0,3.83,1.2,0.73,0.79,0.57,250.0,139.35,185.8,0.62,1.61,18.0,2.5,,1.25,27300.0,24725.0,0.33,1.2,41.20351924999999,14.116862382970815
Cassano Magnago,,,,,,,,,,1495.5,,,,,1.5,,,,3.0,,4.0,,,6.25,4.0,,,,,,5.0,50.0,15.0,,,30.0,,2.0,,,,,111.48,139.35,,,,,,,,,,1.0,45.6752214,8.8255843
Cassino,57.5,40.0,50.0,40.0,350.0,450.0,450.0,550.0,0.73,1600.0,0.5,150.0,5.44,3.5,1.13,3.63,5.95,7.5,2.0,1.1,2.5,2.16,35.0,6.81,2.05,,30.0,1.0,1.04,5.44,9.0,60.0,15.0,3.66,,31.0,2.5,1.4,0.45,0.8,0.39,,111.48,185.8,0.97,3.22,20.0,4.0,7.0,0.91,20700.0,22000.0,1.0,1.0,41.492557600000005,13.8305297
Castellammare di Stabia,52.5,55.0,42.5,25.0,,500.0,650.0,,,1533.33,,200.0,4.54,6.0,1.25,,5.5,7.25,1.0,0.95,3.0,3.0,50.0,,2.55,,22.0,0.75,0.5,,5.5,42.5,20.0,4.16,,,,1.1,,,,,148.64,176.02,,,,,,,,,0.35,0.5,40.6943046,14.4804813
Catania,75.0,132.25,70.8,23.75,350.0,481.67,611.67,778.5,0.85,1098.57,0.53,182.71,4.68,6.0,1.67,3.0,6.0,7.5,1.86,1.28,4.5,2.98,43.0,7.49,2.435,4071.01,27.43,1.2,1.27,4.99,8.0,48.0,12.0,4.56,14.99,35.0,4.01,1.0,0.58,0.62,0.54,210.0,115.35,165.68,0.99,1.61,18.0,6.0,15.75,1.0,16284.04,22333.36,0.39,1.12,37.5023612,15.0873718
Catanzaro,50.0,169.0,92.5,20.0,250.0,450.0,500.0,850.0,0.79,1190.0,0.8,168.68,5.44,6.5,1.07,4.49,6.0,11.0,1.6,1.0,3.5,3.27,50.0,7.37,2.9,,25.0,1.25,1.21,7.26,6.5,50.0,12.0,3.79,,30.0,3.63,1.6,1.13,0.79,1.01,,142.14,183.95,1.13,1.29,26.0,8.0,25.0,0.32,23693.88,24500.0,0.57,1.0,38.82996034999999,16.43155687627833
Cattolica Eraclea,,,,,,,,,,,0.57,,,2.0,1.0,,5.5,,,1.5,,,,,2.0,,,0.5,0.91,,,,,,,,,,0.34,0.45,0.34,,,,,,,,,,,,0.2,,37.44084,13.392054
Cava de’ Tirreni,150.0,200.0,200.0,30.99,500.0,1632.71,700.0,713.79,0.84,1137.69,1.25,100.0,3.63,4.21,2.5,6.8,4.17,10.0,3.0,1.84,4.0,2.83,35.0,8.1,3.93,,17.63,0.71,1.63,9.07,10.0,30.0,15.0,5.08,,,2.75,1.2,0.91,0.65,0.57,,175.1,291.84,0.65,3.44,,2.14,20.0,2.04,17102.82,17102.82,0.61,0.5,40.7004616,14.7062633
Ceglie Messapica,77.33,98.33,81.67,32.5,,,,,0.45,1450.0,0.57,174.14,5.4,3.5,1.0,3.63,5.5,7.0,1.7,2.12,3.9,1.69,45.0,7.13,2.475,,31.75,0.5,0.91,4.99,8.3,60.0,12.5,3.03,14.99,,3.72,1.0,0.36,0.45,0.36,265.0,,,0.82,1.61,18.0,2.5,,0.79,27300.0,24725.0,0.2,1.2,40.6460444,17.5170566
Cento,,,,,300.0,375.0,750.0,800.0,,1575.0,,,,10.0,1.8,,6.0,8.0,1.5,,5.5,,,7.0,4.5,,,1.5,1.81,,9.0,80.0,18.0,4.73,,,,1.8,0.57,,,,,,,,,,12.5,,,,0.35,0.6,44.7274395,11.2903029
Cesena,82.5,140.0,96.0,25.0,500.0,625.0,750.0,1200.0,0.68,1723.2,1.09,158.19,5.67,5.5,1.45,5.29,6.0,8.0,2.38,1.17,5.0,3.36,56.67,7.13,3.335,,30.14,1.52,1.81,4.99,8.0,60.0,15.0,4.57,14.99,30.0,2.48,1.5,0.55,0.91,0.56,356.67,163.28,213.68,1.01,2.09,27.0,4.75,16.0,1.44,27000.0,24000.0,0.49,1.0,44.136352,12.2422442
Cesenatico,96.67,90.0,66.67,40.0,500.0,600.0,800.0,1000.0,0.65,,0.66,400.0,5.9,5.0,1.55,2.54,6.0,9.0,2.5,1.0,4.5,2.1,,8.3,2.625,,30.0,0.75,1.81,3.18,11.0,60.0,15.0,4.29,,,2.67,,0.41,0.65,0.41,,,,0.96,,,,,0.73,27950.0,23050.0,0.3,1.5,44.1999283,12.396969199999997
Chieti,103.33,100.0,60.0,22.5,450.0,550.0,700.0,900.0,0.74,1675.0,0.84,150.18,6.58,4.0,1.25,5.22,5.5,8.0,1.75,1.15,3.5,2.94,40.0,7.33,2.665,,34.5,1.1,1.21,6.05,7.0,50.0,15.0,3.72,10.0,35.0,3.15,1.2,0.81,0.52,0.51,450.0,,157.93,0.71,2.09,24.0,4.0,12.5,0.9,16986.31,22300.0,0.62,0.87,42.10271755,14.415935255784948
Cinqueterre,,,,,,,,,,,,,,,,,,,,,,,,,,,,,,,,,10.0,,,,,,,,,,,,,,,,,,,,,,6.18303025,-75.56622254169679
Citta di Castello,100.0,100.0,70.0,20.0,150.0,200.0,250.0,400.0,1.36,1200.0,1.36,120.0,4.99,5.0,1.2,4.08,6.0,5.0,2.0,3.0,4.0,2.0,50.0,6.93,3.0,,30.0,1.0,2.27,2.27,15.0,50.0,10.0,4.92,,30.0,,1.5,0.91,1.36,0.91,350.0,,,1.36,,,,50.0,0.91,20000.0,21000.0,0.3,1.0,43.4574214,12.2403118
Civita Castellana,,,,,,,,,0.91,,0.86,,5.44,6.9,1.1,3.13,6.2,,2.25,1.1,4.0,3.0,55.0,6.53,3.875,,,1.0,1.72,4.54,9.15,41.5,12.0,4.16,,,1.14,,0.36,0.91,0.36,,,,0.95,3.22,25.0,2.9,,0.91,26000.0,22000.0,0.37,1.0,42.295226,12.40917
Civitanova Marche,60.0,80.0,85.0,38.33,350.0,487.5,675.0,950.0,0.95,1616.67,0.86,166.67,3.83,8.0,1.75,2.93,6.0,8.0,2.12,1.93,5.0,2.52,71.94,7.0,3.3600000000000003,8040.0,25.67,0.9,1.66,5.67,8.75,50.0,15.0,4.15,8.5,16.8,2.94,1.5,0.88,0.91,0.36,300.0,111.48,185.8,0.5,2.06,27.7,4.2,27.0,1.72,33000.0,30000.0,0.35,1.25,43.3055233,13.7229297
Civitavecchia,,,,,,530.0,,,0.91,,0.91,,7.26,16.0,1.5,5.9,6.0,,,,,1.92,50.0,,6.0,,30.0,1.3,0.91,4.54,,80.0,20.0,3.79,,,,,1.36,0.77,0.91,,,,0.64,,,,,0.91,,,1.2,,42.0937524,11.7922462
Colleferro,60.0,50.0,60.0,50.0,,,,,0.91,1800.0,0.68,200.0,11.34,10.0,2.25,9.07,5.4,8.0,2.75,3.0,4.0,3.0,50.0,,3.75,,30.0,2.0,0.68,6.8,8.0,40.0,9.5,3.03,,,1.15,1.0,0.91,1.04,0.45,300.0,,,0.23,,,,45.0,1.81,,,0.2,1.5,41.727033,13.0041576
Como,90.0,146.0,116.67,32.5,600.0,810.0,1091.67,1600.0,1.08,1594.22,0.88,207.49,9.41,8.0,1.8,5.25,6.1,10.0,3.23,1.94,5.5,4.31,49.44,7.49,3.81,15166.67,25.82,2.0,2.29,7.08,8.5,75.0,18.0,5.39,14.99,34.5,3.9,1.75,0.91,1.13,0.92,762.5,257.8,423.63,1.25,4.02,40.0,8.0,22.5,1.81,30833.33,28000.0,0.62,1.45,45.939475900000005,9.149410145408948
Conegliano,76.67,108.33,95.0,46.67,425.0,550.0,700.0,883.33,1.3,1774.0,1.06,292.81,7.99,5.75,1.4,5.22,5.9,8.5,2.12,2.2,3.5,3.2,58.75,7.97,3.05,8300.0,30.8,2.17,2.65,5.22,8.0,54.0,12.0,4.57,,32.5,3.9,1.5,0.72,1.3,0.72,275.0,162.58,195.09,0.85,5.63,,5.0,50.0,1.5,18000.0,24000.0,0.73,1.25,45.8862172,12.2977566
Corleone,48.5,80.0,71.25,20.12,,,,,0.83,,0.65,126.67,5.67,3.0,1.39,3.93,6.0,8.0,1.64,1.75,5.0,3.5,,7.16,2.5,,27.0,0.65,1.01,4.76,8.0,50.0,10.0,3.97,14.99,,3.93,,0.79,0.5,0.68,319.0,,,1.08,1.83,27.5,4.2,,0.6,20000.0,21000.0,0.75,1.0,37.8120779,13.3014383
Cortina d'Ampezzo,,,,,,,,,,2343.0,,,,,,,,,,,,,,,,,,,,,,,,,,,,,,,,,,,,,,,,,,,,,46.5383332,12.1373506
Cosenza,54.0,85.0,77.0,21.25,325.0,333.33,500.0,700.0,0.87,1016.67,0.81,162.69,5.44,5.0,1.4,4.08,5.35,7.0,1.7,1.71,4.0,3.0,27.5,7.83,3.125,2500.0,29.83,1.77,1.0,3.97,8.0,60.0,10.0,4.79,13.74,30.0,3.95,1.4,1.19,0.81,0.91,290.0,130.06,145.55,1.03,0.8,25.0,,20.0,1.36,28000.0,24975.0,0.3,0.93,39.5966853,16.333055599019605
Crema,87.5,97.5,87.5,40.0,550.0,,400.0,,0.91,2150.0,1.13,128.08,5.44,4.0,1.35,4.54,5.0,8.5,2.83,1.6,6.5,3.6,80.0,6.81,3.15,5000.0,27.5,1.6,1.81,6.35,7.45,60.0,15.0,3.03,,,1.55,2.0,0.45,0.68,0.5,450.0,,,1.36,,,,,,27000.0,25000.0,0.4,1.0,45.362828,9.6874573
Cremona,66.0,125.0,92.86,20.0,450.0,450.0,650.0,1000.0,0.93,1903.67,0.71,228.57,7.11,4.5,1.54,3.4,5.6,9.0,2.81,1.17,4.25,2.85,50.0,7.0,3.05,4500.0,26.86,1.3,0.91,5.97,8.5,60.0,15.0,4.03,14.99,30.0,2.72,1.5,0.6,0.82,0.66,475.0,,,0.36,2.41,35.0,8.0,10.0,0.91,25500.0,23500.0,0.42,1.12,45.22086405000001,10.037037979628856
Cuneo,61.67,105.0,61.25,21.48,362.5,425.0,566.67,700.0,0.79,1637.5,0.65,100.0,7.7,5.45,1.48,3.95,5.5,8.5,2.67,1.68,4.75,2.67,46.25,7.09,3.3600000000000003,10166.67,27.15,0.96,1.45,5.88,8.0,55.0,15.0,4.48,14.99,40.0,3.12,2.25,0.62,0.85,0.47,510.0,182.71,272.51,0.7,1.84,25.0,5.0,27.5,1.07,27000.0,25000.0,0.52,1.08,44.45807035,7.558136691151624
Domodossola,40.0,90.0,60.0,30.0,,,,,0.36,1925.0,0.54,220.0,6.8,4.25,1.3,3.63,5.7,10.0,2.0,1.2,5.5,2.8,50.0,6.98,2.2,15141.45,27.52,1.0,1.81,3.18,7.0,60.0,15.0,5.66,12.58,50.0,1.67,3.0,0.54,0.64,0.27,250.0,,,0.91,3.22,12.0,6.0,15.0,1.39,23000.0,18000.0,0.52,1.0,46.1152451,8.2920459
Falconara Marittima,40.0,,80.0,40.0,,,,,,,,,,,,,,,,,,,,,,,,,,,,,,,,,,,,,,,,,,,,,,,,,,,43.629396899999996,13.396676300000001
Fano,100.0,200.0,115.0,60.0,290.0,416.67,550.0,725.0,1.13,1833.33,1.22,275.0,9.53,5.5,1.38,3.18,5.35,8.0,2.5,1.0,5.0,2.83,48.33,6.81,2.875,,27.5,1.1,1.21,5.75,8.0,50.0,15.5,4.67,14.99,33.0,2.19,1.35,0.91,0.57,0.45,180.0,185.8,278.71,0.83,1.61,,7.0,,1.0,,,0.5,1.0,43.842417299999994,13.0146632
Feltre,,,,,,,,,0.68,,0.91,,5.44,4.0,1.4,3.63,5.0,8.0,2.35,1.2,4.5,1.36,70.0,,2.95,,,1.0,2.27,3.63,7.5,47.5,27.5,3.41,,33.0,,1.7,0.54,1.36,0.68,,139.35,185.8,0.54,,,,18.0,,,,0.38,1.0,46.0163755,11.9062541
Fermo,90.0,40.0,80.0,40.0,,,,,0.82,1750.0,0.73,220.0,7.71,5.0,1.2,3.63,5.2,8.0,2.5,1.3,4.0,3.0,40.0,,3.2,15000.0,29.0,1.0,1.13,5.44,7.2,65.0,15.0,3.79,,25.0,,1.3,0.5,0.68,0.45,280.0,,,0.82,1.61,28.0,4.5,15.0,,28000.0,22000.0,0.3,1.0,43.0922489,13.63876806726377
Ferrara,80.0,112.0,86.67,31.33,400.0,575.0,675.0,1000.0,0.68,1975.0,0.68,170.0,7.55,5.0,1.44,3.63,5.8,8.25,1.9,1.2,5.0,3.65,33.33,7.43,2.875,5000.0,28.5,1.0,1.94,5.07,8.0,60.0,12.0,6.1,14.99,31.0,3.77,1.5,0.68,0.68,0.58,350.0,102.19,167.22,0.89,3.22,25.0,4.5,14.5,1.55,30000.0,24625.0,0.35,1.0,44.76676425,11.827938995640167
Finale Emilia,80.0,113.33,108.75,41.43,300.0,,,,0.68,1683.33,0.75,52.0,6.3,1.9,1.72,3.63,6.0,9.0,2.5,1.2,5.0,1.5,15.0,7.4,3.25,7000.0,31.56,1.1,1.86,8.16,8.0,60.0,15.0,4.92,14.99,25.0,3.55,1.5,0.68,0.87,0.36,600.0,,,0.91,1.61,22.5,3.0,30.0,1.4,20000.0,19000.0,0.6,1.0,44.834574,11.293905
Finale Ligure,,,,,,,,,,,,,,,1.8,,5.9,,3.0,,5.0,,,,4.5,,,,,,,35.0,20.0,,,,,,,,,,232.26,371.61,,,,,,1.81,,,,1.5,44.1689049,8.3436524
Fiumicino,90.0,100.0,100.0,35.0,625.0,700.0,1150.0,,1.02,1700.0,0.84,154.09,6.8,6.0,1.1,4.54,6.0,9.0,2.0,2.25,5.0,6.0,53.75,,3.5,12000.0,32.0,1.5,1.81,5.9,8.5,70.0,25.0,6.62,,35.0,1.75,1.5,0.68,0.91,0.68,420.0,325.16,464.51,1.36,1.93,35.0,4.0,20.0,1.36,27000.0,25000.0,1.0,1.25,41.7712145,12.227885500000001
Florence,74.33,130.0,81.75,41.5,620.83,873.08,1104.17,1662.2,1.28,1512.69,0.85,247.12,8.68,6.0,1.53,4.35,6.0,10.0,2.82,1.5,5.0,3.53,58.56,7.35,3.49,14260.0,26.44,1.27,1.63,8.02,10.0,68.0,15.0,5.08,14.99,35.0,3.86,1.5,0.68,1.11,0.73,580.0,331.54,533.52,1.09,2.01,31.0,4.0,22.5,1.18,29625.0,27000.0,0.53,1.42,43.769871200000004,11.2555757
Foggia,77.33,86.67,81.67,28.33,360.0,433.33,550.0,675.0,0.65,1475.0,0.64,174.14,4.99,2.5,1.45,3.48,6.0,7.0,1.7,1.13,3.9,1.53,40.0,7.13,2.475,,26.67,1.16,1.09,4.38,8.0,45.0,10.0,6.28,14.99,30.0,3.72,1.1,0.54,0.57,0.41,265.0,185.8,209.03,0.61,1.61,18.0,5.0,18.0,0.64,23000.0,19000.0,0.32,1.2,41.50281055,15.452899609627728
Foligno,49.0,49.0,120.0,29.0,450.0,275.0,550.0,450.0,0.68,1725.0,1.08,300.0,4.31,5.5,1.2,3.54,5.7,7.0,2.5,2.1,3.5,3.58,19.58,,3.5,,14.5,0.55,1.22,4.31,8.9,50.0,15.0,4.15,,78.26,,1.8,1.16,0.41,0.7,200.0,,,0.82,3.22,,5.0,15.0,,,,0.4,1.0,42.9561825,12.703334
Frascati,79.52,125.0,90.0,31.57,500.0,550.0,866.67,1025.0,1.06,2033.33,0.89,226.95,7.35,6.0,1.4,4.73,6.0,9.0,2.13,1.4,5.0,3.36,42.5,6.88,3.6,8569.38,27.34,0.75,1.48,6.85,10.0,60.0,17.5,6.23,14.99,25.0,3.46,1.75,0.73,1.01,0.71,498.33,162.58,557.41,0.92,1.05,27.5,4.0,15.0,1.2,20000.0,20000.0,0.5,1.1,41.808245199999995,12.680368400000003
Frattamaggiore,34.38,68.75,48.83,20.29,,,,,0.47,,0.45,103.12,2.94,2.0,0.93,2.47,5.5,6.5,1.43,0.76,3.0,1.77,,7.56,1.645,,24.95,0.44,0.9,2.46,5.0,40.0,6.5,3.73,14.99,50.0,2.34,1.1,0.38,0.43,0.4,247.5,,,0.62,1.61,10.0,5.0,,1.05,23416.67,22000.0,0.2,0.64,40.9414265,14.2722092
Frosinone,34.38,68.75,48.83,20.29,300.0,400.0,350.0,366.67,0.47,1623.33,0.45,103.12,2.94,2.0,0.93,2.47,5.5,5.0,1.43,0.76,4.0,1.77,26.61,7.67,1.645,,21.25,0.44,0.9,2.46,5.0,40.0,6.5,3.73,14.99,25.0,2.34,1.0,0.38,0.43,0.4,247.5,69.68,88.26,0.73,1.61,10.0,5.0,13.2,1.05,23416.67,22000.0,0.2,0.64,41.6285468,13.57584977062367
Gallarate,,60.0,50.0,,700.0,800.0,1200.0,1500.0,1.13,2075.0,0.68,,,6.0,1.25,,,9.5,3.5,,4.0,,64.0,8.3,5.0,,19.0,,0.77,,6.0,68.0,16.0,3.75,,19.17,,1.75,0.68,0.91,0.45,150.0,,,0.91,,,,,0.57,,,,0.5,45.6598951,8.7932013
Gela,85.0,80.0,85.0,19.5,250.0,250.0,450.0,335.0,1.06,1433.33,0.96,157.5,6.35,7.0,1.27,4.99,6.0,7.5,1.75,1.23,3.5,2.97,45.0,8.3,2.14,,20.0,0.8,1.45,6.5,7.0,50.0,6.0,4.29,,32.0,3.07,1.3,0.79,0.68,0.61,200.0,78.97,178.84,0.48,1.37,25.0,10.0,10.0,0.76,18000.0,15000.0,0.3,1.0,37.0664363,14.2502445
Genoa,80.33,116.75,88.75,41.75,513.33,674.29,775.0,1018.75,0.81,1446.36,0.93,161.68,8.81,6.5,1.81,4.76,5.6,8.0,2.12,1.72,5.25,3.1,57.06,7.36,3.645,11875.0,33.29,0.99,2.14,6.17,10.0,67.5,15.0,5.67,14.99,46.0,4.09,1.5,0.67,1.06,0.65,637.5,199.74,283.35,1.16,1.61,24.5,5.0,18.83,1.38,28333.33,25000.0,0.63,0.96,44.40726,8.9338624
Gorizia,79.75,75.0,70.0,39.0,,340.0,,,0.85,1833.33,0.68,146.67,5.44,3.0,1.57,3.4,5.4,10.0,2.5,1.0,2.0,3.44,37.5,7.26,2.6,12000.0,30.75,1.77,1.27,4.08,7.5,30.0,10.0,4.4,14.99,30.0,2.5,1.2,0.45,0.73,0.27,483.33,,120.77,0.9,2.82,35.0,5.0,13.0,1.31,29500.0,25500.0,0.3,1.5,45.9441278,13.6252288
Grosseto,75.0,100.0,75.0,27.5,500.0,550.0,850.0,1100.0,1.13,1333.33,1.09,115.0,8.16,5.0,1.25,4.08,5.6,9.0,2.17,2.35,4.0,3.54,41.67,6.81,3.625,,30.0,1.2,1.54,9.53,10.0,60.0,17.5,5.11,,,,1.5,0.57,1.59,0.7,200.0,139.35,185.8,1.13,,,5.0,,1.77,,,0.8,1.0,42.7751102,11.287804427628435
Gualdo Tadino,25.0,45.0,100.0,30.0,300.0,400.0,350.0,500.0,1.13,,1.0,136.0,6.3,3.5,1.2,5.4,,6.0,1.5,1.79,,1.19,35.0,7.15,2.5,,23.49,1.2,2.27,7.67,12.0,35.0,20.0,4.54,,55.0,,1.5,0.86,1.56,0.81,,,,1.45,,,,,1.32,,,0.25,0.95,43.2316518,12.7809617
Imola,90.0,85.0,85.0,25.0,500.0,575.0,775.0,1050.0,2.02,2100.0,0.5,232.58,7.94,9.0,1.57,4.2,7.0,9.5,2.17,1.75,4.0,2.7,69.0,6.94,2.95,12666.67,27.77,1.43,1.76,10.21,9.75,65.0,17.0,4.16,,28.0,3.6,1.5,0.45,1.36,0.57,581.0,157.93,232.26,0.75,1.77,25.0,4.05,10.0,1.36,33333.33,31500.0,0.3,1.1,44.35351450000001,11.714123299999999
Imperia,80.0,,80.0,,450.0,550.0,700.0,800.0,0.91,1802.5,0.91,153.0,,4.75,1.5,,6.0,8.0,2.0,,5.0,2.4,40.0,7.57,4.0,,29.5,1.0,1.53,3.18,8.0,40.0,15.0,3.79,,,,1.5,,0.91,,,139.35,232.26,0.79,1.61,26.0,4.0,17.5,0.91,,,0.54,1.0,43.95837525,7.866742714674276
Jesi,,,,,450.0,500.0,1000.0,1200.0,,1500.0,,,,10.0,1.2,,5.75,8.0,,,5.0,,40.0,6.97,,,26.9,,,,,40.0,15.0,,,35.0,,1.35,,,,,120.77,139.35,,,,,,,,,,,43.5219801,13.2443764
L'Aquila,81.67,110.0,100.0,10.0,255.0,333.33,330.0,655.0,0.6,1850.0,0.75,151.97,10.66,3.72,1.12,4.76,5.0,7.5,2.0,1.02,5.0,2.98,29.0,6.84,3.25,,22.0,0.55,0.92,5.67,7.5,55.0,16.5,4.66,14.99,30.0,2.88,1.2,0.61,0.51,0.77,400.0,92.9,204.38,0.68,4.83,30.0,3.0,,0.83,28000.0,24500.0,0.29,0.99,42.1368853,13.610341022538911
La Spezia,58.33,102.5,71.67,41.67,463.33,566.67,633.33,800.0,1.0,1933.33,0.9,252.78,7.01,5.0,1.52,4.74,6.0,9.25,2.57,1.44,4.5,3.0,53.33,7.13,2.885,,28.0,1.38,1.47,5.61,8.0,60.0,15.0,3.69,14.99,35.0,2.48,1.5,0.63,0.94,0.69,356.67,167.97,226.53,1.13,1.59,28.85,4.2,15.33,0.99,23000.0,27500.0,0.4,1.0,44.238365949999995,9.691232634547536
Lamezia Terme,100.0,120.0,92.5,20.0,,,,,0.79,1075.0,0.6,168.68,5.44,6.5,1.07,3.58,6.0,10.0,1.5,0.9,3.5,2.7,40.0,7.37,2.9,,24.97,1.2,1.21,4.65,6.5,50.0,11.0,3.45,12.0,35.0,3.45,1.25,0.65,0.68,0.66,232.22,92.9,102.19,1.13,1.29,26.0,8.0,,0.32,19000.0,21000.0,0.55,1.0,38.9645069,16.3021451
Latina,70.42,110.0,84.23,29.5,366.67,475.0,616.67,750.0,0.72,1625.0,0.78,188.52,5.57,5.0,1.43,3.83,5.5,7.5,1.71,1.02,4.0,3.0,35.0,6.84,2.1,3850.0,28.27,0.55,1.08,5.15,7.5,45.0,8.0,5.14,14.99,32.0,2.88,1.2,0.59,0.73,0.46,231.94,132.54,190.45,0.85,1.93,18.0,3.0,,0.83,24000.0,24500.0,0.27,1.0,41.459526049999994,13.012591212188894
Lecce,85.0,85.0,90.83,33.33,400.0,500.0,637.5,837.5,0.82,1350.0,0.61,110.65,6.35,4.0,1.42,4.01,6.0,8.0,1.69,1.3,4.0,2.9,52.86,7.34,2.69,4500.0,28.81,1.12,1.63,4.2,8.0,48.0,15.0,3.87,14.99,35.0,4.82,1.0,0.76,0.76,0.62,375.0,127.74,174.19,0.64,2.25,20.0,5.0,11.67,1.41,28000.0,30000.0,0.28,1.01,40.1522173,18.2260628338229
Lecco,74.5,55.0,92.25,32.67,433.33,683.33,566.67,1350.0,0.94,1712.5,0.78,154.44,4.76,5.5,1.58,3.18,6.0,13.0,2.43,1.4,4.5,2.19,41.33,7.93,3.31,,25.0,1.35,1.63,4.99,8.0,60.0,15.0,4.69,14.99,38.0,3.67,2.0,0.63,0.94,0.6,600.0,185.8,278.71,1.2,1.67,26.91,3.7,,1.39,,24000.0,0.76,1.03,45.9005485,9.41202482143963
Leggiuno,40.0,90.0,60.0,30.0,,,,,0.36,,0.54,220.0,6.8,4.25,1.3,3.63,5.7,12.0,2.0,1.2,5.5,2.8,,,2.2,,,1.0,1.81,3.18,7.0,60.0,15.0,5.87,,,1.67,,0.54,0.64,0.27,250.0,,,0.91,,12.0,8.0,,,23000.0,18000.0,0.6,1.0,45.875366,8.6204535
Leghorn,40.0,,80.0,,,,,,0.91,,1.13,,16.78,7.0,1.7,5.75,6.0,10.0,2.67,2.16,4.5,3.33,,6.62,3.1,,,2.5,1.68,20.41,10.0,60.0,12.5,6.34,,,2.56,,1.81,1.25,0.88,,,,1.81,,,,,1.4,,,0.4,1.17,43.5507317,10.3091256
Levanto,85.0,120.0,85.0,27.5,,,,,1.04,,2.13,165.0,3.63,6.5,1.5,,6.2,8.0,3.5,1.3,5.0,,,7.65,5.0,,26.67,0.35,1.09,,9.5,70.0,17.5,6.06,,,,,,2.04,,,,,0.32,,,,,1.81,,26000.0,0.53,1.17,44.1699056,9.6120397
Livigno,65.0,95.0,56.67,35.0,600.0,800.0,1200.0,1500.0,0.91,1966.67,1.0,150.0,6.35,7.0,1.43,4.08,3.5,9.0,2.38,1.2,3.25,3.0,50.0,4.92,2.675,3500.0,25.0,2.3,1.72,5.44,7.0,50.0,13.5,4.04,,0.0,1.3,0.0,0.91,1.13,0.54,90.0,,,0.91,3.06,20.0,10.0,20.0,2.04,23000.0,25000.0,0.47,0.5,46.5381734,10.1359928
Livorno,65.0,106.67,73.33,35.0,483.33,466.67,583.33,683.33,0.76,1613.33,0.72,218.12,4.84,4.5,1.33,2.61,5.75,8.0,2.21,1.38,5.0,1.75,51.0,7.56,3.2800000000000002,11400.0,26.67,1.15,1.52,6.8,9.0,50.0,12.0,4.2,14.99,30.0,3.35,1.8,0.45,0.91,0.57,450.0,164.13,139.35,0.68,3.22,24.0,5.0,30.0,0.83,20000.0,21500.0,0.33,0.97,42.7902166,10.340278678735023
Lodi,80.0,100.0,116.67,32.5,450.0,600.0,800.0,1000.0,0.91,2000.0,0.88,207.49,5.44,4.0,1.8,4.54,5.7,10.0,3.0,1.6,5.5,3.6,32.5,6.81,3.15,15166.67,25.82,1.6,1.81,6.35,8.25,65.0,11.5,5.39,14.99,34.0,3.11,1.4,0.45,0.68,0.5,762.5,139.35,278.71,1.25,4.02,40.0,8.0,23.0,1.81,27000.0,25000.0,0.4,1.45,45.2613104,9.491678060021837
Lucca,78.75,116.75,75.0,41.75,650.0,800.0,900.0,1732.89,0.89,1625.0,0.72,218.12,8.81,6.5,1.4,4.76,6.0,8.0,2.12,1.46,5.0,3.57,70.0,7.36,3.395,11400.0,31.67,0.99,1.52,7.37,9.5,60.0,15.0,5.67,14.99,,4.09,1.5,0.86,0.92,0.73,450.0,232.26,371.61,0.68,2.33,24.5,4.58,45.0,1.08,27000.0,21000.0,0.63,1.0,44.017763900000006,10.454430026192638
Macerata,71.67,80.0,70.0,29.67,250.0,365.0,600.0,800.0,0.95,1562.5,0.86,170.03,3.83,8.0,1.38,3.18,6.0,8.0,2.0,1.93,6.0,2.52,43.75,7.31,2.75,8040.0,25.0,0.9,0.68,5.67,9.0,70.0,17.5,4.15,8.5,25.0,2.19,1.5,0.91,1.11,0.36,350.0,,,0.5,1.61,,7.0,13.33,1.0,,,0.25,1.0,43.15297805,13.150882217502017
Magenta,90.0,190.0,120.0,29.0,,,,,0.54,3100.0,0.59,70.0,9.03,6.9,1.1,5.85,5.4,8.0,2.5,1.5,4.25,3.8,50.0,,3.075,10800.0,27.9,2.2,2.27,4.04,8.95,70.0,15.0,4.92,,59.0,1.75,1.2,0.64,0.81,0.45,250.0,,,1.22,1.75,28.32,3.3,15.0,1.13,29000.0,27000.0,0.35,1.0,49.0515653,3.9657830000000005
Manfredonia,,,,,,,,,,1600.0,,,,,1.2,,5.0,7.0,1.5,1.06,4.5,,,,3.5,,,,,,4.0,35.0,13.0,,,,2.5,,,,,,,250.84,,,,,,,,,,1.0,41.6254728,15.9095926
Mantova,42.5,90.0,65.0,30.62,590.0,700.0,,600.0,0.57,2255.35,0.85,163.33,6.67,5.0,1.52,1.81,5.4,9.0,2.1,0.85,4.5,2.86,30.0,7.1,2.7199999999999998,5000.0,27.22,1.14,1.62,5.39,8.0,50.0,15.0,4.6,14.99,,2.91,1.5,0.56,0.45,0.57,468.89,139.35,185.8,0.45,2.82,26.4,6.0,14.33,1.18,23000.0,20000.0,0.34,1.0,45.1692628,10.670836515673878
Massa,,,,,300.0,500.0,,1000.0,,1500.0,,,,,,,,8.0,1.2,,5.0,,,,,,,,,,,50.0,15.0,,,,,,,,,,,,,,,,,,,,,1.0,44.0359323,10.1395519
Matera,50.0,60.0,60.0,,500.0,700.0,650.0,800.0,1.13,1300.0,0.66,128.12,6.58,5.0,1.52,3.9,5.6,7.0,2.0,1.5,4.5,3.6,42.5,7.56,2.75,,26.0,0.9,1.59,6.35,11.0,60.0,11.0,4.32,,34.0,3.2,1.0,,0.91,,550.0,,,1.59,,,,12.0,1.36,,29000.0,0.94,0.93,40.4476419,16.47357384028852
Melito di Porto Salvo,48.5,80.0,71.25,20.12,,,,,0.83,1930.0,0.6,126.67,5.67,3.0,1.39,3.58,6.0,8.0,1.5,0.9,3.5,2.7,,7.16,2.5,,24.97,0.65,1.01,4.65,8.0,50.0,10.0,3.45,12.0,,3.45,,0.65,0.5,0.66,232.22,,,1.08,1.83,27.5,4.2,,0.6,19000.0,21000.0,0.55,1.0,37.9203843,15.7778568
Messina,86.67,113.33,71.25,20.12,383.33,500.0,650.0,883.33,1.21,1433.33,0.65,164.85,5.67,3.0,1.39,3.29,6.0,8.0,1.64,0.93,3.75,3.07,35.56,7.15,2.215,,25.0,0.65,1.01,3.63,8.0,50.0,10.0,3.97,14.99,40.0,3.93,1.5,0.45,0.5,0.27,350.0,111.48,139.35,0.92,1.83,27.5,4.25,33.33,1.89,26500.0,26500.0,0.37,1.0,38.1937571,15.554208199999998
Mestre,52.5,,91.33,30.97,545.0,653.33,780.0,907.5,0.97,2000.0,0.76,195.0,6.35,3.95,1.63,4.67,6.0,9.0,3.17,1.2,5.0,3.08,37.67,7.81,4.25,,27.0,1.27,1.16,5.56,9.25,70.0,20.0,4.42,14.99,37.0,3.93,1.5,0.57,0.83,0.68,450.0,125.42,153.29,0.97,,,,,1.29,,,0.52,1.77,45.49430629999999,12.241805300000001
Milan,89.62,137.83,92.22,33.79,893.23,1353.19,1715.91,2739.53,1.03,1748.23,0.91,230.19,9.1,7.0,1.69,5.09,6.0,10.0,2.78,1.59,6.0,3.82,62.7,6.98,3.48,15141.45,27.52,1.18,2.01,7.2,10.0,75.25,20.0,5.66,12.58,39.0,3.65,2.2,0.59,1.08,0.71,750.91,439.74,832.51,1.39,3.22,35.0,6.0,29.84,1.39,29097.37,25000.0,0.52,1.21,45.4641943,9.1896346
Mirano,80.0,113.33,108.75,35.0,,,,,0.68,2100.0,0.68,170.0,7.03,4.0,1.44,3.63,5.7,8.25,1.9,1.2,5.0,2.9,45.0,7.56,2.425,2800.0,28.5,0.8,2.39,5.9,8.0,60.0,16.0,6.06,14.99,45.0,3.77,1.6,0.68,0.68,0.48,108.33,,,0.79,2.54,31.8,3.2,,1.59,28250.0,24000.0,0.35,1.0,45.4641943,9.1896346
Modena,95.0,108.0,85.0,33.33,543.75,670.0,937.5,1078.75,0.88,1802.69,0.65,199.79,9.3,5.0,1.6,5.89,5.78,9.0,2.12,1.56,5.0,4.55,40.71,7.24,2.975,,25.57,0.93,2.45,7.14,9.5,60.0,16.5,4.64,14.99,31.0,4.23,2.0,0.57,0.98,0.76,576.67,216.0,290.32,1.65,1.77,24.0,5.0,15.75,1.27,24750.0,25400.0,0.41,1.24,44.5384728,10.93596087053074
Montalto Dora,25.0,100.0,90.0,15.0,,,,,0.57,,0.5,158.19,5.44,3.45,1.45,3.97,6.0,8.0,2.83,1.17,5.0,1.8,,7.46,2.925,,32.0,1.09,1.81,4.76,8.0,65.0,14.0,4.23,14.99,,2.95,,0.55,0.68,0.56,425.0,,,0.27,3.22,,5.0,,0.91,,24000.0,0.4,1.18,45.490759,7.862818
Monte Argentario,78.75,142.5,75.0,52.5,,,,,0.89,,0.72,218.12,6.89,5.0,1.4,4.26,6.0,8.0,2.5,1.38,5.0,3.57,,7.63,2.7800000000000002,11400.0,26.67,1.15,0.91,7.37,8.0,60.0,12.0,4.86,14.99,,4.28,,0.86,0.92,0.73,400.0,,,0.68,3.22,24.0,4.58,,1.08,27000.0,21000.0,0.33,1.0,42.407352,11.1503838
Montecatini Terme,,,,,,,,,,,1.09,,,5.0,1.4,,,,2.0,0.9,4.5,3.0,50.0,,2.4,,29.0,,,,6.0,33.0,18.0,4.54,,,,,,,0.45,,,139.35,1.0,,,,,1.18,,,0.4,1.0,43.883179,10.7709533
Montegalda,42.5,90.0,65.0,30.62,,,,,0.57,,0.85,163.33,6.67,5.0,1.52,1.81,5.4,9.0,2.1,0.85,4.5,2.86,,7.1,2.7199999999999998,5000.0,27.22,1.14,1.62,5.39,8.0,50.0,15.0,4.6,14.99,,2.91,,0.56,0.45,0.57,468.89,,,0.45,2.82,26.4,6.0,,1.18,23000.0,20000.0,0.34,1.0,45.4437746,11.673211299999998
Monticchiello,40.0,,80.0,,,,,,0.91,,1.13,,16.78,7.0,1.7,5.75,6.0,10.0,2.67,2.16,4.5,3.33,,6.62,3.1,,,2.5,1.68,20.41,10.0,60.0,12.5,6.34,,,2.56,,1.81,1.25,0.88,,,,1.81,,,,,1.4,,,0.4,1.17,43.0682346,11.7255878
Monza,76.67,113.33,85.0,35.0,480.0,710.0,1070.0,1875.0,1.03,1986.3,0.65,162.74,7.7,5.45,1.48,3.95,6.0,11.25,2.0,1.68,4.75,2.67,40.8,7.63,2.6100000000000003,10166.67,27.15,0.96,1.77,5.88,10.0,75.0,16.5,5.18,14.99,45.0,3.12,1.8,0.62,0.85,0.47,560.0,185.8,336.77,1.11,1.84,25.0,5.0,22.2,1.07,27000.0,25000.0,0.52,1.16,45.639544,9.278869369225038
Morgex,,,,,400.0,300.0,1200.0,1000.0,0.64,1358.0,0.81,420.0,8.62,8.0,1.5,6.8,5.6,,3.0,1.2,8.0,3.6,,,1.895,,35.0,0.4,1.59,6.35,,80.0,15.0,6.81,,,,,0.27,0.86,0.36,,292.55,264.21,1.27,,,,,1.63,,,0.22,2.0,45.7580223,7.0354328
Naples,70.42,115.56,84.23,29.5,390.0,642.31,775.0,1212.5,0.72,1347.62,0.78,188.52,5.57,5.0,1.75,3.83,6.0,9.0,1.71,1.71,4.0,3.0,44.38,7.43,2.815,3850.0,28.27,0.91,1.08,5.15,8.0,50.0,15.0,5.14,14.99,35.0,2.9,1.3,0.59,0.73,0.54,231.94,182.09,378.24,0.85,1.93,18.0,5.0,18.17,1.21,24000.0,25000.0,0.46,1.0,40.8358846,14.2487679
Novara,70.0,96.67,76.67,30.0,440.0,620.0,700.0,925.0,0.91,1800.0,0.79,146.09,5.73,6.5,1.61,3.1,6.1,9.5,2.75,2.27,5.0,2.77,57.22,7.04,3.7,12000.0,28.33,1.0,1.54,5.1,8.0,65.0,15.0,4.66,14.99,35.0,3.92,1.5,0.77,1.13,0.68,500.0,148.64,246.19,1.54,3.22,50.0,4.35,15.0,0.98,18500.0,26500.0,0.22,1.0,45.58425005,8.545996970894572
Noventa di Piave,65.0,112.0,85.0,31.33,,,,,0.73,,0.82,167.5,7.55,5.0,1.53,4.15,5.8,9.5,2.5,1.32,5.0,3.34,,7.22,3.0,5000.0,29.14,0.88,1.94,4.9,8.0,60.0,12.0,6.06,14.99,,4.18,,0.53,0.79,0.54,440.0,,,0.82,1.61,25.0,8.0,,1.16,27092.5,24625.0,0.47,1.31,45.6618875,12.5299422
Nuoro,90.0,101.8,81.25,32.86,350.0,400.0,500.0,600.0,0.97,1333.33,0.68,249.62,6.29,5.75,1.5,4.54,6.0,8.0,2.0,1.33,4.0,2.8,40.0,7.31,2.475,6500.0,27.0,1.5,1.81,6.5,8.0,50.0,15.0,4.94,14.99,17.0,4.4,1.0,0.62,0.83,0.58,466.67,,,1.13,3.22,25.0,5.0,,1.13,23333.33,22300.0,0.41,1.0,40.26397055,9.12722009781746
Olbia,90.0,101.8,81.25,32.86,516.67,562.5,650.0,916.67,0.75,1825.0,0.68,195.0,6.29,5.75,1.5,4.54,6.0,8.0,2.55,1.33,4.0,2.8,46.25,6.84,2.975,6500.0,23.75,1.5,1.52,6.26,8.0,70.0,15.0,3.93,14.99,30.0,2.97,1.0,0.57,0.73,0.58,445.0,165.68,210.58,0.86,3.22,25.0,5.0,7.0,1.13,23333.33,22300.0,0.36,1.15,40.9232659,9.5027442
Oristano,,,,,,,400.0,550.0,0.68,1700.0,0.59,,,,1.5,,6.0,8.0,,,,,35.0,6.81,3.0,,24.0,,,5.44,5.0,,,,,,,1.2,,,,,,,,,,,,,,,,1.0,40.02656765,8.679641647435716
Ostia,60.0,,,,500.0,683.33,800.0,950.0,0.59,1566.67,0.59,150.0,6.35,10.0,1.55,4.08,6.0,8.75,2.25,2.0,3.5,3.9,53.33,6.44,3.95,8000.0,27.45,0.4,1.59,7.26,9.0,60.0,15.0,5.68,,32.5,,1.5,0.54,0.68,0.61,360.0,202.67,235.18,0.91,,,,10.0,,35000.0,45000.0,1.5,0.83,-31.459092400000003,-64.20331
Ostuni,70.0,90.0,80.0,27.0,350.0,,,,0.68,1350.0,0.59,100.0,4.76,5.0,1.2,2.72,5.35,8.0,1.5,1.2,4.0,2.0,30.0,,2.45,,20.0,1.0,0.91,4.54,,40.0,12.0,3.41,,,1.5,0.5,0.45,0.57,0.41,250.0,,,0.68,,,,15.0,,,,0.33,1.0,40.727631,17.576406
Ovieto,81.67,110.0,100.0,65.0,,,,,0.86,,0.79,210.0,5.44,5.0,1.1,3.13,5.5,7.5,2.25,1.02,4.0,3.0,,6.53,2.85,,30.0,0.55,1.22,4.54,7.5,41.5,8.0,4.16,14.99,,1.14,,0.36,0.77,0.36,400.0,,,0.95,3.22,25.0,2.9,,0.83,26000.0,22000.0,0.27,1.0,53.2906644,-2.726275245862066
Padova,81.0,122.86,80.0,30.62,507.33,715.0,1007.69,1509.09,0.94,1505.11,0.85,229.08,6.67,6.0,1.53,4.76,6.0,9.0,2.5,1.29,5.0,2.86,43.75,7.1,2.7199999999999998,5000.0,27.22,1.14,1.62,5.39,8.25,60.0,15.0,4.6,14.99,37.0,3.7,1.3,0.56,0.95,0.71,468.89,190.45,311.22,0.87,2.82,26.4,6.0,20.0,1.18,30737.5,25000.0,0.34,1.21,45.4077172,11.8734455
Palermo,68.75,94.17,82.67,33.12,312.5,500.0,575.0,783.33,0.91,1304.55,0.69,187.67,5.39,4.0,1.62,4.08,5.5,8.0,1.63,1.37,4.0,2.3,37.5,7.45,2.83,6400.0,29.12,1.17,1.41,5.29,8.5,50.0,10.0,3.65,14.99,32.5,3.41,1.45,0.47,0.58,0.55,270.0,111.48,150.7,0.82,1.35,30.0,8.18,27.33,0.96,22200.0,21500.0,0.32,1.0,38.1112268,13.3524434
Parma,80.0,165.0,85.0,41.43,475.0,565.0,828.75,1003.75,0.86,1625.0,0.75,260.83,6.3,7.0,1.72,3.76,6.0,9.0,2.5,2.25,5.0,3.21,55.62,7.4,3.54,3500.0,31.56,1.1,1.86,8.16,8.0,75.0,15.0,4.92,14.99,34.0,3.55,1.6,0.7,0.87,0.55,625.0,170.32,241.55,0.98,2.09,22.5,5.0,20.2,1.4,26575.0,24000.0,0.6,0.94,44.8013678,10.3280833
Pavia,67.5,80.0,50.0,28.33,500.0,540.0,862.5,1216.67,0.92,1175.0,0.91,226.79,5.67,4.5,1.32,4.2,5.95,9.45,2.12,1.18,5.0,2.91,40.0,7.58,2.265,14000.0,25.66,1.57,1.43,6.75,9.0,50.0,12.0,4.87,14.99,35.0,4.18,1.3,0.56,1.03,0.59,650.0,181.16,269.42,0.95,1.77,31.0,4.5,14.5,1.43,23000.0,19500.0,0.35,1.0,45.03685465,9.137825082826026
Perugia,75.83,76.67,75.0,28.33,270.0,384.0,680.0,975.0,0.7,1405.0,0.68,172.5,7.65,5.0,1.38,3.67,5.55,7.0,1.88,1.55,4.5,2.52,51.25,7.53,2.08,3150.0,30.12,1.18,1.13,6.2,8.0,50.0,13.0,3.09,14.99,55.0,4.43,1.5,0.69,0.7,0.52,500.0,199.74,464.51,0.91,1.77,19.2,4.0,15.0,0.98,21000.0,20500.0,0.66,0.81,43.1070321,12.402996209906489
Pesaro,60.0,100.0,78.33,22.5,450.0,550.0,800.0,800.0,1.32,1212.5,1.13,125.0,8.62,5.75,1.6,6.8,5.7,8.0,2.17,1.5,5.5,3.3,56.67,7.09,4.125,18000.0,27.5,0.85,1.42,9.98,9.0,62.5,15.0,4.47,14.99,55.0,4.9,1.3,0.6,1.36,0.64,,185.8,278.71,1.02,,27.3,4.88,20.62,,20000.0,18000.0,0.3,1.17,43.9098114,12.9131228
Pescara,84.33,123.33,82.67,35.0,462.5,600.0,700.0,1016.67,0.96,1362.5,0.73,196.95,5.84,5.0,1.43,3.32,5.75,8.25,2.83,1.56,3.75,2.91,42.67,7.46,3.46,7950.0,30.0,2.0,1.67,4.93,9.25,65.0,20.0,4.77,14.99,35.0,3.9,1.35,0.83,0.87,0.71,550.0,139.35,185.8,0.87,2.41,50.0,6.0,20.0,1.01,20000.0,20000.0,0.57,1.0,42.3102619,13.95759010584892
Piacenza,86.67,136.67,82.5,53.33,450.0,587.5,825.0,1075.0,1.07,1750.0,0.85,285.71,7.11,5.0,1.5,4.84,5.7,10.5,2.42,1.78,5.0,3.12,56.25,7.25,3.375,8400.0,27.67,1.5,2.27,3.93,8.0,70.0,19.0,4.81,14.99,50.0,4.37,1.5,0.91,0.91,0.98,500.0,164.13,315.87,1.06,3.06,40.0,15.0,30.0,1.57,23500.0,22500.0,0.44,1.0,44.8476352,9.666531257696896
Pianello Val Tidone,89.62,137.83,92.22,33.79,,,,,1.03,,0.91,230.19,9.1,7.0,1.69,5.09,6.0,10.0,2.78,1.59,6.0,3.82,,6.98,3.48,15141.45,27.52,1.18,2.01,7.2,10.0,75.25,20.0,5.66,12.58,,3.65,,0.59,1.08,0.71,750.91,,,1.39,3.22,35.0,6.0,,1.39,29097.37,25000.0,0.52,1.21,44.94666,9.405161
Piano di Sorrento,69.5,80.0,66.0,33.0,,,,,0.91,1100.0,0.68,135.0,5.44,5.5,1.4,3.4,5.25,7.5,1.5,2.0,5.0,3.0,60.0,7.38,2.5,,15.0,0.75,1.36,3.18,7.0,55.0,15.0,4.54,,,1.45,1.4,0.45,0.64,0.45,300.0,,,0.79,1.05,27.5,7.0,50.0,0.91,20000.0,20000.0,0.55,1.0,40.632955,14.4113109
Pinerolo,60.0,70.0,67.5,82.5,400.0,600.0,800.0,1000.0,0.91,1300.0,0.91,100.0,6.8,5.0,1.0,4.54,5.5,10.0,,1.21,5.0,3.6,31.67,7.19,3.0,,25.0,1.0,2.04,5.44,5.5,40.0,13.0,6.44,,50.0,2.0,1.8,0.91,1.36,0.91,,148.64,185.8,0.68,,,,18.0,1.36,30000.0,28000.0,0.3,,44.8873086,7.3319453999999995
Pisa,78.75,142.5,75.0,52.5,525.0,520.0,800.0,1116.67,0.89,1402.0,0.72,218.12,6.89,5.0,1.4,4.26,6.0,8.0,2.75,1.38,5.0,3.57,50.71,7.63,3.7800000000000002,11400.0,26.67,1.15,1.52,7.37,8.0,60.0,12.0,4.86,14.99,30.0,4.28,1.5,0.86,0.92,0.73,400.0,201.29,325.16,0.68,3.22,24.0,4.58,14.0,1.08,27000.0,21000.0,0.33,1.0,43.7159395,10.4018624
Pistoia,82.5,102.5,96.0,30.0,,500.0,,620.0,0.68,1500.0,0.75,240.91,12.59,5.5,1.15,5.26,5.6,9.5,2.57,1.2,5.0,3.2,50.0,7.13,2.75,,29.9,1.33,2.0,7.92,6.0,60.0,12.25,3.69,14.99,,2.47,1.5,0.68,0.68,0.91,356.67,167.22,185.8,0.51,2.09,27.0,4.75,20.0,1.06,27000.0,24000.0,0.3,1.0,43.9740957,10.868708114044026
Pomezia,25.0,60.0,50.0,,500.0,600.0,,,0.45,1600.0,0.45,,,,1.5,,,,,0.8,,,30.0,6.81,0.8,,20.0,,,,9.0,,13.0,4.54,,,,,0.45,0.45,0.45,300.0,139.35,167.22,0.54,,,,,0.45,,,0.25,,41.66752900000001,12.5047863
Pordenone,67.14,100.0,70.0,31.29,451.67,521.67,650.0,765.0,0.82,1499.12,0.65,195.36,7.94,4.5,1.71,4.21,5.2,8.5,2.75,1.23,4.5,3.32,40.6,7.34,3.13,7000.0,31.29,1.3,1.81,4.08,8.5,60.0,15.0,3.97,14.99,45.0,3.36,1.6,0.59,1.08,0.53,325.0,99.87,131.81,0.84,3.04,35.0,2.85,15.67,1.22,25360.0,24000.0,0.35,1.19,45.9562503,12.6597197
Porto San Giorgio,72.5,106.0,60.0,20.0,1400.0,2000.0,3000.0,4000.0,0.83,,0.85,159.9,6.49,5.25,1.73,4.59,6.0,8.25,2.0,1.16,4.0,2.82,65.0,7.34,2.73,3750.0,28.73,1.3,2.16,5.06,8.0,60.0,15.0,4.72,14.99,50.0,3.51,2.0,0.68,0.91,0.66,273.33,,,0.91,2.09,22.2,4.8,,0.98,29000.0,29600.0,0.33,0.7,43.1826562,13.793386300000002
Porto Viro,,,,,,,,,1.13,,0.9,,7.67,4.99,,7.67,,,,1.49,,3.23,,,2.99,,,2.98,1.43,6.3,,,,7.15,,,,,1.36,1.25,0.41,,,,2.13,,,,,1.36,,,0.45,,45.0253113,12.2252372
Potenza,,,,,,,,,,850.0,0.59,,,,1.1,4.54,,,,,5.0,,50.0,,,,30.0,,,,,50.0,15.0,6.44,,,,1.5,,,,,,,,,,,,,,,,1.0,40.5183188,15.820959990219952
Pozzuoli,,,,,,,,,0.68,800.0,0.68,,6.8,3.1,2.0,4.08,5.5,10.0,1.67,1.5,6.0,2.28,25.0,,3.5,,,1.0,1.13,7.94,13.0,50.0,20.0,5.68,,,,1.35,0.57,0.45,0.45,,,,0.75,,,,,0.59,,,1.2,0.67,40.822643,14.1219109
Prato,85.0,120.0,85.0,33.33,550.0,600.0,,,1.04,1200.0,0.85,199.79,8.68,6.0,1.53,4.35,6.0,9.0,2.82,1.5,5.0,3.53,60.0,7.35,3.35,14260.0,26.44,0.93,1.63,7.14,9.5,68.0,16.5,5.08,14.99,,3.86,2.0,0.57,1.11,0.73,576.67,,,1.09,1.77,24.0,4.0,15.0,1.27,24750.0,26000.0,0.53,1.24,43.935718050000006,11.094147267700892
Ragusa,68.75,94.17,82.67,25.0,333.33,366.67,700.0,800.0,0.83,1300.0,0.6,187.67,5.39,4.0,1.62,3.58,5.5,8.0,1.5,0.9,3.5,2.3,45.33,7.45,2.83,6400.0,24.97,1.17,1.41,4.65,8.5,50.0,10.0,3.45,12.0,30.0,3.41,1.5,0.47,0.58,0.55,232.22,74.32,92.9,0.82,1.35,30.0,8.18,27.33,0.93,19000.0,21000.0,0.32,1.0,36.9219828,14.7213455
Ravenna,103.33,100.0,73.33,31.67,500.0,583.33,716.67,775.0,1.05,2066.67,0.91,160.0,7.56,7.0,1.48,5.76,6.1,8.25,3.25,2.0,5.0,4.67,56.67,7.3,3.45,,25.0,1.55,2.57,13.31,8.5,50.0,15.0,5.3,14.99,29.0,4.43,1.3,0.91,0.98,0.91,433.33,167.22,232.26,1.22,3.22,,10.0,12.0,1.81,22333.33,28000.0,0.64,1.1,44.3640607,12.059009490863945
Reggio Di Calabria,48.5,80.0,71.25,20.12,282.5,411.67,374.0,733.33,0.83,1192.67,0.65,126.67,5.67,3.0,1.39,3.93,6.0,8.0,1.64,1.75,5.0,3.5,40.0,7.16,2.5,,27.0,0.65,1.01,4.76,8.0,50.0,10.0,3.97,14.99,41.0,3.93,1.5,0.79,0.5,0.68,319.0,82.06,108.88,1.08,1.83,27.5,4.2,11.0,0.6,20000.0,21000.0,0.75,1.0,38.1035389,15.6397556
Reggio Nell'emilia,82.5,102.5,96.0,57.5,395.83,516.67,716.67,925.0,1.03,1578.57,0.83,252.78,12.59,5.5,1.62,5.26,5.6,10.0,2.57,1.63,5.0,3.75,56.25,7.13,3.75,,30.14,1.33,2.0,8.96,8.0,60.0,15.0,3.69,14.99,25.0,2.48,1.5,0.8,1.74,0.96,356.67,185.8,257.03,0.51,2.09,27.0,4.75,31.0,1.06,27000.0,24000.0,0.67,1.0,44.6086674,10.594066675914796
Rho,80.0,,100.0,,,,,,0.77,1500.0,0.68,,4.54,3.0,1.3,2.72,5.5,10.75,,,,,45.0,,,,40.0,,1.36,4.99,7.0,55.0,11.0,6.44,,,,2.0,,,,,,,1.81,,,,,,,,0.2,1.0,45.528878,9.04156
Rieti,59.5,67.19,75.0,28.33,400.0,500.0,700.0,800.0,0.7,1200.0,0.68,166.67,5.43,5.0,1.38,3.67,5.6,7.0,2.12,1.55,4.5,3.2,37.5,7.53,2.33,3150.0,25.67,0.97,1.13,6.2,8.0,50.0,15.0,3.09,14.99,21.0,2.94,0.9,0.69,0.7,0.52,300.0,69.68,106.37,0.91,1.77,19.2,4.0,15.0,0.98,21000.0,20500.0,0.66,0.81,42.41473635,12.885888076510067
Rimini,72.5,106.0,73.8,37.0,562.5,633.33,812.22,994.44,0.83,1693.33,0.85,159.9,6.49,5.25,1.73,4.59,6.0,8.25,2.92,1.16,5.0,2.82,34.68,7.34,2.73,3750.0,28.73,1.3,2.16,5.06,10.0,60.0,15.0,4.72,14.99,31.5,3.51,1.5,0.68,0.91,0.66,273.33,219.09,280.7,0.91,2.09,22.2,4.8,28.33,0.98,29000.0,29600.0,0.33,1.06,43.9470982,12.630768610516004
Rocca di Cambio,69.5,125.0,90.0,10.0,,,,,0.6,,0.68,151.97,5.44,3.72,1.4,3.4,5.0,8.0,2.0,2.0,5.0,2.98,,6.81,2.25,,22.0,0.75,0.92,3.18,8.5,55.0,18.0,4.66,14.99,,1.45,,0.61,0.51,0.68,300.0,,,0.68,1.05,27.5,11.0,,0.91,20000.0,20000.0,0.29,1.0,42.2350354,13.489963
Rome,79.52,115.56,88.89,31.57,704.73,1094.44,1301.56,2093.33,1.06,1746.48,0.89,226.95,7.35,6.0,1.56,4.73,6.0,9.0,2.13,1.4,5.0,3.36,56.0,6.88,3.6,8569.38,27.34,1.23,1.48,6.85,10.0,66.5,15.0,6.37,14.99,35.0,3.46,1.5,0.73,1.01,0.71,498.33,323.31,684.1,1.05,2.09,30.0,4.0,18.0,1.24,27225.0,26500.0,0.5,1.1,41.8933203,12.4829321
Salerno,77.33,98.33,81.67,32.5,457.5,737.5,975.0,1262.5,0.45,1227.0,0.91,174.14,5.4,3.5,1.45,3.63,5.5,8.5,1.7,2.12,3.9,1.69,35.5,7.13,2.475,,31.75,1.16,1.0,4.99,8.3,60.0,12.5,5.16,14.99,32.0,3.72,1.3,0.67,0.68,0.75,265.0,211.35,320.51,0.82,1.61,18.0,2.5,11.33,0.79,27300.0,24725.0,0.33,1.2,40.41944165,15.310756230322484
San Donà di Piave,,,,,,,,,,,,,,10.0,1.35,,5.5,7.95,2.75,1.21,5.25,,55.0,6.81,4.5,,20.0,,,,7.95,70.0,16.0,,7.0,,,,,,,,,,,,,,25.0,,,,,1.0,45.6294811,12.5641057
San Giovanni Rotondo,90.0,80.0,70.0,30.0,,,,650.0,0.54,1000.0,0.45,180.0,6.12,5.0,1.8,3.63,5.5,6.25,2.5,3.0,4.0,2.6,50.0,7.19,3.75,,24.0,2.0,0.86,3.63,8.0,40.0,9.5,3.03,,,1.15,1.3,0.45,0.54,0.45,300.0,,162.58,0.91,,,,,1.81,,,0.2,1.5,41.7069106,15.728845500000002
San Marco Argentano,70.0,90.0,80.0,30.0,150.0,200.0,300.0,400.0,2.27,1500.0,2.27,100.0,4.54,7.0,1.2,2.27,5.0,9.0,1.0,1.0,2.0,3.6,30.0,6.44,2.5,10000.0,25.0,2.0,0.91,2.27,12.0,50.0,25.0,5.68,,32.0,2.0,2.0,0.91,2.72,0.45,150.0,37.16,,0.91,5.63,50.0,10.0,10.0,0.91,22000.0,19000.0,0.5,0.5,39.5574078,16.1190892
San Martino in Rio,,,,,450.0,500.0,500.0,550.0,,1400.0,,200.0,,6.0,1.5,,,8.0,,2.25,3.5,2.76,,7.08,3.7,,,3.0,,6.12,,60.0,15.0,,,,,,,,,,195.09,65.03,1.18,,,,,1.81,,,0.3,1.0,44.7328018,10.7839876
Sanremo,84.0,91.67,110.0,71.67,395.0,480.0,650.0,700.0,0.91,1450.0,0.63,161.73,6.8,6.0,1.59,5.73,5.5,8.0,2.38,1.35,4.0,2.9,55.0,7.09,2.8,7800.0,29.5,1.69,1.52,9.3,8.0,45.0,12.0,4.29,14.99,,2.58,1.5,0.45,0.72,0.45,300.0,139.35,185.8,1.06,3.38,26.0,3.6,20.0,0.9,,34000.0,0.35,1.08,43.8198253,7.7748827
Santa Margherita Ligure,60.0,75.0,65.0,70.0,,,,,,1500.0,,,,8.0,1.5,,,,,,,,,,,,,,,,,70.0,12.0,,,,,,,,,,,,,,,,,,,,,1.0,44.3339761,9.2111267
Santa Maria Capua Vetere,70.0,50.0,55.0,50.0,,,,,0.45,1100.0,0.68,200.0,9.07,5.0,1.5,5.28,5.4,7.0,2.0,0.97,4.0,2.39,,6.62,2.415,,27.5,0.9,0.86,6.8,7.5,50.0,10.0,3.03,14.99,,1.21,,0.68,0.45,0.47,300.0,,,0.23,,,,,0.91,32500.0,25000.0,0.2,1.0,41.0799225,14.2563971
Saronno,87.5,97.5,87.5,40.0,,,,,0.68,1906.25,0.91,128.08,5.44,5.0,1.35,2.04,7.75,7.5,2.83,1.5,5.5,3.0,25.0,,3.75,5000.0,27.5,1.0,1.59,4.08,9.0,60.0,15.0,3.5,,75.0,1.55,2.2,0.45,0.45,0.41,450.0,92.9,139.35,1.13,,,,25.0,,28000.0,25000.0,0.45,1.0,45.6256764,9.0373283
Sassari,87.0,101.8,81.25,15.0,373.33,483.33,633.33,783.33,0.66,1233.33,0.68,227.78,5.22,5.75,1.35,3.74,6.0,8.0,2.25,1.05,4.0,2.1,39.0,7.31,2.115,6500.0,26.67,0.95,1.33,6.5,8.0,50.0,11.0,4.07,14.99,37.25,3.23,1.3,0.62,0.79,0.58,466.67,216.0,318.19,1.12,3.22,25.0,3.5,22.67,1.13,23333.33,22300.0,0.33,0.82,40.7232643,8.5610074
Sassuolo,74.33,102.5,81.75,41.5,,680.0,,,1.03,2000.0,0.83,247.12,8.68,5.5,1.53,4.35,5.6,10.0,2.57,1.5,5.0,3.53,,7.13,3.49,14260.0,26.44,1.27,1.63,8.02,8.0,60.0,15.0,5.08,14.99,30.0,2.48,1.5,0.68,1.11,0.73,356.67,,,0.51,2.01,27.0,4.0,,1.06,27000.0,24000.0,0.67,1.0,44.5409769,10.782902299999998
Savigliano,,,,,,,,,0.68,,0.68,,7.26,6.0,1.5,5.44,,,1.0,0.7,2.0,3.5,,,,,,1.0,1.13,5.44,7.0,26.0,10.0,3.6,,,,,0.32,0.91,0.45,,,,0.91,,,,,0.91,,,0.35,1.0,44.644037,7.655929
Savona,101.67,116.67,112.67,29.5,533.33,575.0,650.0,800.0,0.79,1583.33,0.41,216.25,11.34,6.0,1.26,5.9,5.25,10.5,2.5,2.5,5.0,2.07,51.67,6.97,3.75,5400.0,26.67,,1.47,8.16,9.5,60.0,13.0,6.62,14.99,35.0,3.15,1.5,0.45,0.68,0.58,400.0,232.26,247.96,1.36,3.22,28.0,7.5,17.66,0.91,16500.0,16000.0,0.45,1.0,44.2334238,8.252572737021062
Scalea,86.67,113.33,126.67,43.33,450.0,500.0,700.0,900.0,0.91,700.0,0.45,164.85,3.18,5.0,1.35,3.29,6.0,10.0,2.0,0.93,3.0,2.5,45.0,7.15,2.215,,25.0,0.99,0.91,3.63,8.0,40.0,12.5,3.97,14.99,,3.93,,0.9,0.91,1.36,350.0,74.32,,0.92,4.83,,4.25,,0.59,26500.0,26500.0,0.37,1.05,39.8166598,15.7905473
Schio,,,,,350.0,400.0,600.0,700.0,0.59,1300.0,0.75,150.0,,5.0,1.3,3.26,5.8,7.5,1.85,1.0,4.75,4.89,54.5,6.81,2.295,,26.0,,0.54,,8.5,55.0,12.0,2.61,,30.0,1.3,1.2,,,,,139.35,185.8,,1.61,25.0,6.0,,1.02,,,0.35,1.0,45.7113511,11.3553593
Senigallia,,150.0,100.0,20.0,400.0,500.0,550.0,700.0,1.36,1500.0,0.45,200.0,3.18,5.0,1.0,2.72,6.0,11.0,1.0,2.0,2.0,3.6,60.0,,2.0,,30.0,1.0,1.81,6.35,5.0,50.0,15.0,3.79,,,,,0.91,0.91,0.45,700.0,167.22,278.71,0.45,,,,50.0,0.91,,,1.0,1.0,43.7149517,13.217948800000002
Seregno,65.0,110.0,95.0,15.0,500.0,600.0,700.0,800.0,0.77,1800.0,0.54,130.0,7.69,5.0,1.5,4.29,6.0,9.0,2.5,1.5,5.0,2.7,100.0,6.62,2.125,,17.5,1.75,1.68,5.44,7.0,60.0,8.0,4.35,,35.0,,1.75,0.73,1.13,0.45,,,,0.91,3.22,,5.5,30.0,1.02,,,0.38,1.0,45.649723,9.2053999
Siena,90.0,136.67,120.0,55.0,650.0,716.67,966.67,1210.0,1.13,1428.33,0.91,338.75,9.07,6.0,1.38,4.99,6.0,8.0,2.75,1.35,5.0,2.8,62.33,7.28,3.35,15400.0,29.62,1.35,2.04,11.04,9.0,65.0,17.5,5.3,14.99,37.5,4.27,1.5,0.89,1.33,0.92,690.0,232.26,510.96,0.92,,,5.75,25.0,1.2,14000.0,18000.0,0.35,1.25,43.1672254,11.467181161339116
Siniscola,90.0,101.8,81.25,32.86,,,,,0.97,,0.68,249.62,6.29,5.75,1.51,4.54,6.0,8.0,2.71,1.33,4.0,2.8,,7.31,2.975,6500.0,27.0,1.5,1.81,6.5,8.0,70.0,15.0,4.94,14.99,,4.4,,0.62,0.83,0.58,466.67,,,1.13,3.22,25.0,5.0,,1.13,23333.33,22300.0,0.41,1.15,40.5731874,9.693975
Siracusa,54.0,85.0,77.0,21.25,400.0,466.67,633.33,816.67,0.87,1560.0,0.62,90.0,5.44,5.0,1.4,4.08,5.35,7.0,1.7,1.32,4.0,2.73,33.33,7.11,2.44,2500.0,29.83,1.15,1.0,3.97,8.0,50.0,10.0,4.53,13.74,35.0,3.95,3.0,0.36,0.75,0.32,250.0,176.51,707.46,0.98,0.8,25.0,2.0,13.11,0.91,28000.0,24975.0,0.3,0.93,37.0646139,15.2907196
Sondrio,80.0,100.0,83.33,30.0,400.0,500.0,750.0,1000.0,0.76,1437.5,0.79,150.0,3.63,5.0,1.62,2.61,5.25,10.0,1.88,1.49,5.0,2.52,55.0,8.3,3.0,12000.0,22.0,1.0,0.73,3.74,8.0,60.0,20.0,5.68,,22.5,3.35,1.5,0.68,0.97,0.64,500.0,139.35,185.8,1.13,2.41,50.0,,15.0,,18000.0,17000.0,0.7,1.03,46.32336235,10.258413671017705
Stradella,90.0,120.0,90.0,,,,,,0.91,,1.0,150.0,6.35,8.0,2.0,4.08,3.5,10.0,,1.2,3.25,3.0,,4.92,3.0,,25.0,2.3,2.27,5.44,8.0,50.0,13.5,4.54,,,,,0.91,1.13,0.54,90.0,,,0.91,4.83,20.0,10.0,,2.04,,,0.75,0.5,45.0773563,9.2950171
Taglio di Po (Rovigo),42.5,90.0,65.0,,,,400.0,450.0,0.57,1300.0,0.68,163.33,6.8,5.0,1.5,4.54,5.4,7.0,2.1,0.85,3.0,3.05,33.33,8.3,2.5,,25.0,,1.81,5.44,7.0,50.0,13.5,2.61,,40.0,1.2,1.35,0.79,0.45,0.57,,74.32,92.9,0.45,,,,8.0,,23000.0,20000.0,0.61,1.0,45.0057769,12.2107983
Taranto,50.0,66.67,86.33,25.0,316.67,375.0,433.33,633.33,0.68,1300.0,0.45,247.78,7.94,3.0,1.35,3.76,6.0,8.0,1.68,1.51,3.0,2.8,45.0,7.56,2.875,,35.0,1.0,1.36,5.43,9.0,45.0,15.0,4.28,,25.5,3.25,1.0,0.23,0.45,0.67,,96.0,106.84,0.76,,,7.0,15.67,1.81,,,0.25,0.95,40.54881555,17.08058012454743
Teramo,70.0,77.5,55.0,105.0,375.0,425.0,500.0,550.0,0.64,1333.33,0.78,325.0,5.44,5.0,1.5,5.28,5.75,7.5,2.0,0.97,4.5,2.39,51.67,6.62,2.415,,27.5,0.75,1.36,6.96,8.0,50.0,15.0,3.97,14.99,32.6,3.93,2.0,0.68,0.91,0.47,300.0,102.19,113.81,0.79,1.05,27.5,11.0,23.33,0.91,20000.0,25000.0,0.28,0.83,42.65811795,13.69787458752063
Terni,59.5,67.19,85.0,38.33,379.5,485.75,528.0,762.5,0.98,1387.5,1.21,166.67,5.43,6.5,1.35,4.99,5.6,9.7,2.12,1.35,4.5,3.35,56.67,7.28,2.975,15400.0,25.67,0.97,1.66,6.5,8.0,50.0,15.0,3.91,14.99,30.0,2.94,1.5,0.88,0.91,0.87,300.0,89.5,125.42,1.06,2.06,27.7,4.2,13.67,1.2,33000.0,30000.0,0.35,1.25,42.6539486,12.439652829139408
Terracina,90.0,136.67,72.5,55.0,,,,600.0,1.13,900.0,0.91,187.0,9.07,6.0,1.27,4.99,6.0,7.0,2.0,1.35,5.0,2.8,60.0,6.76,3.35,15400.0,29.62,1.35,2.04,11.04,8.5,65.0,15.0,5.11,14.99,,4.27,1.0,0.89,1.33,0.92,690.0,,,0.92,,,5.75,15.0,1.2,14000.0,18000.0,0.35,1.0,41.2871196,13.2492009
Torbole,75.5,135.71,92.86,31.74,,,,,0.93,,0.71,228.57,7.11,6.0,1.54,4.61,5.6,10.0,2.81,1.41,5.0,3.11,,7.21,3.375,4500.0,26.86,1.3,1.67,5.97,8.5,60.0,15.0,5.75,14.99,,3.77,,0.6,0.82,0.66,475.0,,,0.88,2.41,35.0,8.0,,1.47,25500.0,23500.0,0.49,1.33,45.512581,10.115467
Trani,75.0,85.0,75.0,31.67,350.0,450.0,525.0,850.0,0.82,1100.0,0.61,110.65,3.92,4.0,1.4,3.38,5.25,6.5,1.67,1.3,3.25,2.9,41.67,7.34,2.35,4500.0,24.9,1.12,1.63,4.2,8.0,48.0,15.0,3.87,14.99,15.0,4.0,1.1,0.7,0.76,0.59,375.0,92.9,139.35,0.64,2.25,20.0,5.0,30.0,1.02,25000.0,29900.0,0.28,0.9,41.27508799999999,16.4162585
Trapani,30.0,85.0,60.0,43.33,250.0,500.0,400.0,,0.79,1237.5,0.76,164.85,4.08,4.75,1.58,3.29,5.45,7.0,1.75,0.93,3.75,1.92,41.67,7.15,2.215,,25.0,1.0,0.93,3.63,6.5,55.0,9.0,2.63,14.99,32.0,3.07,1.2,0.45,0.68,0.45,350.0,80.45,,0.92,4.83,,4.25,14.33,0.27,26500.0,20000.0,0.17,1.12,38.0174321,12.515992
Trento,81.67,131.67,78.75,32.0,595.0,790.91,1160.0,1675.0,0.75,1633.33,0.5,193.65,9.58,8.0,1.68,4.57,6.0,9.0,2.75,1.3,5.0,3.22,59.14,7.18,3.85,5000.0,28.99,1.3,1.97,5.05,8.0,65.0,15.0,4.96,14.99,34.0,3.95,1.2,0.56,1.04,0.58,633.33,290.32,495.48,0.86,2.41,26.87,7.5,21.5,0.98,26333.33,27450.0,0.36,1.31,46.1029536,11.12974249416882
Treviglio,100.0,100.0,80.0,100.0,400.0,535.0,800.0,1000.0,0.9,1582.5,0.9,250.28,9.75,6.0,2.1,6.8,7.0,9.0,3.25,2.0,7.0,3.9,42.5,6.49,2.85,,29.5,1.98,2.17,4.54,8.5,67.5,15.0,4.88,6.0,49.0,1.65,2.1,0.44,0.96,0.75,450.0,157.93,176.51,0.91,1.83,29.82,10.0,13.0,2.27,28500.0,29750.0,0.89,1.75,45.5217245,9.5931485
Treviso,65.0,115.0,85.0,55.0,507.14,705.0,840.0,1320.0,0.73,1504.29,0.82,167.5,7.8,6.0,1.53,4.65,6.0,9.5,2.5,1.32,5.5,3.34,44.17,7.22,3.0,10666.67,29.14,0.88,2.15,4.9,8.0,70.0,15.0,4.5,14.99,38.0,4.18,1.5,0.53,0.79,0.54,440.0,175.99,303.48,0.82,1.61,39.5,8.6,21.0,1.16,27092.5,24875.0,0.49,1.31,45.80669135,12.206315763116372
Trieste,98.33,173.0,91.67,32.0,509.29,590.71,900.0,900.0,0.98,1569.0,0.75,193.43,8.85,6.0,1.48,4.59,5.85,9.0,2.62,1.33,5.0,2.93,50.0,7.48,3.23,12166.67,30.69,1.57,2.01,4.85,10.0,65.0,18.0,4.75,14.99,35.75,3.5,1.4,0.9,1.13,0.72,575.0,147.1,185.34,1.19,2.25,27.0,3.5,23.33,1.15,28316.67,26000.0,0.41,1.25,45.6496485,13.7772781
Trinitapoli,75.0,90.0,65.0,30.0,,,,,0.5,,0.68,137.24,3.92,4.0,1.5,3.38,5.25,6.5,1.75,1.02,3.25,4.2,,7.3,2.215,4000.0,24.9,2.42,1.13,4.49,8.0,50.0,12.0,4.03,,,2.43,,0.41,0.54,0.36,247.5,,,0.7,,,4.0,,0.68,25000.0,24000.0,0.25,1.0,41.3588527,16.0874365
Turin,64.95,102.44,74.95,27.15,462.86,616.67,816.82,1219.05,0.83,1561.03,0.71,197.17,7.51,5.0,1.54,4.57,6.0,9.0,2.36,1.42,5.0,3.02,37.1,7.22,2.895,13666.67,27.06,1.05,1.54,6.09,10.0,60.0,15.0,5.72,14.99,38.0,3.23,1.7,0.58,0.9,0.5,574.29,162.85,318.23,1.07,2.77,30.0,6.0,19.45,1.05,26665.0,24325.0,0.39,1.1,45.0677551,7.6824892
Udine,75.0,84.17,65.0,44.75,396.67,573.33,673.33,900.0,0.72,1540.14,0.57,164.72,7.56,5.0,1.55,2.86,5.8,7.5,2.79,1.22,5.0,2.8,48.33,7.32,2.495,8100.0,28.13,0.8,1.73,4.23,8.25,61.5,15.0,4.66,14.99,33.0,2.6,1.43,0.53,1.01,0.43,400.0,108.0,163.04,0.57,2.41,25.48,5.0,21.25,1.13,25000.0,24000.0,0.45,1.5,46.0634632,13.2358377
Varazze,95.0,116.67,75.0,29.5,,,,,0.79,,0.41,105.0,6.49,6.0,1.3,4.08,5.25,10.0,2.33,2.5,4.5,2.07,,7.44,3.25,,24.33,0.7,0.79,4.73,8.0,50.0,12.5,5.29,,,3.15,,0.45,0.68,0.58,400.0,,510.96,0.86,3.22,,7.5,,0.91,16500.0,16000.0,0.31,1.0,44.3592996,8.5753273
Varese,65.33,98.0,75.0,30.0,516.67,700.0,700.0,1100.0,1.08,1591.67,0.79,220.0,8.58,6.5,1.65,4.6,5.9,10.0,3.01,1.67,5.0,3.57,38.33,7.49,3.24,15166.67,27.74,1.34,1.96,6.8,8.5,60.0,15.0,4.66,14.99,35.0,3.9,1.5,0.76,0.88,0.68,580.0,207.48,247.74,0.98,3.22,40.0,6.75,26.67,1.02,25000.0,24000.0,0.6,1.16,45.8397203,8.754133838056571
Vasto,65.0,80.0,60.0,25.0,300.0,350.0,550.0,650.0,0.68,1500.0,0.45,145.0,5.44,4.0,1.2,3.63,5.5,7.0,2.0,1.0,4.0,2.4,35.0,6.44,2.125,3500.0,25.0,1.2,1.18,4.54,7.0,40.0,13.75,3.79,,32.0,1.5,1.1,0.41,0.61,0.45,300.0,111.48,120.77,0.64,2.09,25.0,4.0,15.0,0.82,22000.0,22000.0,0.5,1.0,42.12434,14.705923
Veneto,,,,,,,,,0.54,,0.66,200.0,4.54,2.5,1.6,2.95,5.4,8.0,3.5,,6.0,1.8,35.0,,3.5,,,1.0,2.09,5.67,7.5,120.0,30.0,4.73,,,,,0.41,0.66,0.36,350.0,,,1.63,,,,15.0,,,,0.4,1.5,45.6476663,11.8665254
Venice,65.33,103.75,75.0,34.86,512.5,650.0,1125.0,1887.5,0.96,1550.0,0.8,237.92,7.03,5.5,1.62,4.31,5.7,7.25,2.88,1.41,5.0,2.9,65.0,7.24,2.55,3800.0,25.83,0.8,1.96,5.74,9.0,60.0,15.0,4.09,14.99,37.0,3.65,1.5,0.53,0.88,0.48,450.0,221.8,394.25,0.79,2.54,31.8,3.2,18.5,1.02,25000.0,24000.0,0.35,1.16,45.437190799999996,12.3345898
Ventimiglia,95.0,91.67,100.0,29.99,350.0,500.0,600.0,800.0,0.9,1550.0,0.68,160.0,6.49,6.0,1.43,4.08,5.5,8.0,2.75,1.8,4.5,2.8,70.0,7.44,2.3,,24.33,0.9,1.52,8.62,10.5,50.0,13.0,5.29,,54.0,3.5,2.5,0.45,0.72,0.41,300.0,185.8,204.38,0.86,3.38,,3.6,,0.9,27000.0,26500.0,0.35,1.25,43.79176230000001,7.6033131
Verbania,,,,,,,,,0.98,,0.9,,,8.0,,6.53,,,,1.1,,5.38,,,,,,1.37,1.76,,,,,6.4,,51.0,,2.1,0.54,1.26,0.9,,,,2.22,,,,,1.58,,,0.59,,45.9344082,8.5580062
Vercelli,80.33,96.67,88.75,35.0,300.0,366.67,500.0,550.0,0.81,1750.0,0.93,146.09,6.49,6.5,1.64,4.08,5.7,8.0,2.33,2.27,5.0,2.8,55.0,7.36,3.7,11875.0,28.33,0.7,1.54,5.1,8.0,65.0,15.0,5.29,14.99,30.0,3.5,1.0,0.67,1.06,0.65,500.0,116.13,148.64,1.16,1.61,24.5,5.0,22.5,0.98,27000.0,25000.0,0.31,0.96,45.55538265,8.346283678327271
Verona,79.38,112.5,99.38,32.5,513.75,783.33,770.0,1450.0,0.81,1580.0,0.74,163.31,8.75,5.5,1.54,4.47,6.0,9.0,2.75,1.58,5.0,2.77,47.14,7.52,2.665,4000.0,25.75,1.1,2.06,5.25,8.0,57.0,15.0,4.32,14.99,37.0,3.51,1.3,0.54,0.77,0.69,578.33,190.45,557.41,1.11,2.01,25.8,5.3,17.33,1.13,26875.0,23000.0,0.32,1.33,45.4384958,10.9924122
Viareggio,120.0,,100.0,29.99,500.0,600.0,800.0,1000.0,,1800.0,0.68,160.0,8.85,5.5,1.25,2.49,5.5,8.5,2.25,1.8,5.0,1.2,50.0,,3.75,,28.0,0.9,1.59,8.62,10.0,60.0,12.5,3.79,,30.0,1.5,1.6,,,0.41,,167.22,185.8,0.45,,,,18.0,,,,0.79,1.25,43.8672392,10.2506055
Vicenza,100.83,112.0,86.67,31.33,413.33,535.62,680.0,1233.33,0.93,1535.0,0.87,233.39,7.55,5.0,1.64,4.15,5.8,9.95,2.8,2.33,5.0,3.65,46.67,7.43,3.125,5000.0,29.41,1.88,1.94,5.07,9.0,60.0,12.0,6.1,14.99,40.0,4.23,2.0,0.91,1.03,0.58,460.0,145.55,244.64,0.89,3.22,25.0,8.0,33.75,1.55,30000.0,24625.0,0.47,1.61,45.63485905,11.40635425660249
Vigevano,80.0,120.0,80.0,,,,,,,1300.0,,,,,1.3,,,8.0,2.0,,5.0,,30.0,,5.0,,,,,,7.0,30.0,15.0,,,,,1.0,,,,,,,,,,10.0,15.0,,,,,1.0,45.3172517,8.8580183
Villacidro,,,,,,,,,1.44,,1.32,,8.82,9.0,1.57,3.03,5.7,,2.67,2.25,4.75,3.67,,6.81,3.295,,30.0,1.0,1.78,9.83,9.75,95.0,19.0,5.43,,,4.45,,1.12,1.21,0.89,390.0,,,1.12,,,3.0,,2.12,31000.0,26800.0,0.9,1.62,39.4569925,8.7367219
Viterbo,45.0,100.0,120.0,30.0,450.0,370.0,700.0,600.0,1.13,1366.67,0.59,250.0,9.07,6.0,1.25,4.99,6.0,8.0,2.0,1.35,3.5,2.8,50.0,7.28,2.475,15400.0,29.62,1.35,2.04,6.55,9.0,45.0,15.0,5.09,10.0,35.0,3.72,1.0,0.89,1.33,0.92,690.0,167.22,111.48,0.92,,,5.75,12.0,1.2,14000.0,23400.0,0.3,1.17,42.49368885,11.945067829807687
Voghera,70.0,80.0,96.33,14.0,350.0,600.0,600.0,900.0,0.92,1500.0,0.91,226.79,6.55,4.5,1.75,4.18,5.95,12.0,2.12,1.18,5.0,2.76,60.0,8.07,2.515,14000.0,27.0,1.0,1.43,6.75,8.0,55.0,12.0,4.16,14.99,35.0,1.5,1.5,0.49,0.91,0.59,140.0,84.63,106.84,0.95,1.77,31.0,4.5,30.0,0.97,23000.0,24000.0,0.35,1.05,44.9926704,9.0086667
Zambrone,120.0,120.0,115.0,25.0,,,,,0.83,1150.0,0.6,210.0,6.2,6.5,2.27,3.58,6.0,8.5,1.5,0.9,3.5,2.7,,7.69,3.375,,24.97,1.2,1.96,4.65,11.75,65.0,11.0,3.45,12.0,,3.0,,0.65,0.68,0.66,232.22,,,1.19,,,10.0,,0.93,19000.0,21000.0,0.55,1.0,38.69918,15.990094
